#t	<mx>	<my>	<mz>	Dt	B_x@(0.2,0,0)	B_y@(0.2,0,0)	B_z@(0.2,0,0)	B_x@(-0.2,0,0)	B_y@(-0.2,0,0)	B_z@(-0.2,0,0)
1.600000e-10	0.8624184033876967	0.10492742254684002	-0.20132373331109962	1.6e-10	4.560767729131021e-22	-2.7744497594674774e-23	5.323368326045839e-23	4.5607689205907675e-22	-2.774477110402373e-23	5.323330565557666e-23
1.603200e-07	-0.30414336722510826	-0.11354307429549812	0.08275077846569842	1.6e-10	-1.6084059940050844e-22	3.002294108181216e-23	-2.1880928492127886e-23	-1.6084257201605359e-22	3.00225837689867e-23	-2.188055990473646e-23
3.204800e-07	-0.16764407028787642	0.07198392494523725	0.020380873968296444	1.6e-10	-8.865620002800954e-23	-1.9033202890153104e-23	-5.3893207392728514e-24	-8.865582451857958e-23	-1.9034399039992947e-23	-5.388793926401937e-24
4.806400e-07	-0.22883178524715816	0.0665881080600114	-0.027777859874925967	1.6e-10	-1.2101521657935243e-22	-1.7607026760443008e-23	7.345555968535828e-24	-1.2101318954552304e-22	-1.7607079615931935e-23	7.344342004709115e-24
6.408000e-07	-0.22064101437186862	0.09503615355534452	-0.06392241544312184	1.6e-10	-1.1668280379559022e-22	-2.5129066502110888e-23	1.6901988410280037e-23	-1.166824735455359e-22	-2.5129355263511163e-23	1.6902407056904522e-23
8.009600e-07	-0.25530518203961367	0.0406396679929138	0.07090294112835874	1.6e-10	-1.3501379149020511e-22	-1.0746342853672216e-23	-1.874790165598419e-23	-1.3501471970446892e-22	-1.0745326352434987e-23	-1.874803845803384e-23
9.611200e-07	-0.2569027743413627	-0.04363656839787317	0.09670613250864105	1.6e-10	-1.3586085408803791e-22	1.1537497490847593e-23	-2.5571185577071477e-23	-1.3585738182805135e-22	1.1539036843674985e-23	-2.557037914896945e-23
1.121280e-06	-0.1776885243263121	-0.05558998841497886	-0.08779617516655612	1.6e-10	-9.396895203146713e-23	1.4698591255811522e-23	2.321484794551127e-23	-9.39667855208431e-23	1.4699327153829914e-23	2.3214821594553048e-23
1.281440e-06	-0.22926197207850713	0.004421994175082479	0.07374994831633672	1.6e-10	-1.2124245133833876e-22	-1.1692615746167219e-24	-1.9501001937898925e-23	-1.2124095024708721e-22	-1.1692426680882007e-24	-1.9500534517872832e-23
1.441600e-06	-0.1842323417638805	0.048100921699480534	-0.011604258223836931	1.6e-10	-9.742851020933367e-23	-1.2718816893354538e-23	3.0689159952193613e-24	-9.742842359912172e-23	-1.271862267222889e-23	3.067819157411579e-24
1.601760e-06	-0.23460957403759597	0.021950946579010536	0.050581941632807534	1.6e-10	-1.2406977411787376e-22	-5.803828471231006e-24	-1.3374978933932473e-23	-1.2406962314391168e-22	-5.804595172849696e-24	-1.3374510214151153e-23
1.761920e-06	-0.23713049761624003	-0.059779414729205387	-0.04965750055829698	1.6e-10	-1.2540338060715502e-22	1.5806155979674327e-23	1.3130301194521572e-23	-1.254023207188336e-22	1.5807276679878927e-23	1.3130311367940433e-23
1.922080e-06	-0.1575312611616963	0.08463426319674701	0.033172882931915774	1.6e-10	-8.330838766572331e-23	-2.2378549248687457e-23	-8.771126519486096e-24	-8.33076268343092e-23	-2.2378991343953583e-23	-8.771847177271446e-24
2.082240e-06	-0.32006524731791697	-0.005707440082460397	0.13079052148571735	1.6e-10	-1.692618881154167e-22	1.509327272083138e-24	-3.458250494465495e-23	-1.692613706804021e-22	1.5089654544254669e-24	-3.4584069593878474e-23
2.242400e-06	-0.08183256402763861	0.021515666104428514	0.004259334786755011	1.6e-10	-4.327536681155753e-23	-5.689366550780997e-24	-1.1265692515650138e-24	-4.327644249896607e-23	-5.6888656650416166e-24	-1.125915074808848e-24
2.402560e-06	-0.24513193462943658	0.051691485347612386	0.015628850178101346	1.6e-10	-1.2963506306688444e-22	-1.3668440223107514e-23	-4.13248413068089e-24	-1.296335143457947e-22	-1.3667814203984244e-23	-4.132595145672368e-24
2.562720e-06	-0.1765517375004208	0.010759479958209112	-0.02257617423638965	1.6e-10	-9.336827089473171e-23	-2.845278337957293e-24	5.9693916234705985e-24	-9.336512185891189e-23	-2.8447087114941517e-24	5.969674157099874e-24
2.722880e-06	-0.2309356674751133	-0.04310436464845732	0.031072897452961837	1.6e-10	-1.221270975257782e-22	1.1397021851864568e-23	-8.215869608972178e-24	-1.2212652071329413e-22	1.1398064637167764e-23	-8.216558775989393e-24
2.883040e-06	-0.24688081597066083	-0.16187476215099592	0.0775608836926936	1.6e-10	-1.305580764276851e-22	4.280215645641238e-23	-2.0508112293363282e-23	-1.3056023950627603e-22	4.2802845090651196e-23	-2.0508779303832548e-23
3.043200e-06	-0.14954827532624232	-0.041881063225339944	0.007914856631004205	1.6e-10	-7.908709489049576e-23	1.1074886586081475e-23	-2.092443875006147e-24	-7.9085558738465e-23	1.1073275598993816e-23	-2.0932074800379025e-24
3.203360e-06	-0.13191041951137278	0.07430596321916591	-0.006967723594532515	1.6e-10	-6.975860883805625e-23	-1.9647088583026778e-23	1.841996520747215e-24	-6.975902222450478e-23	-1.96484879142426e-23	1.8427779607953513e-24
3.363520e-06	-0.19383425689070985	0.04264466889725974	0.01326718280152775	1.6e-10	-1.0250659900985098e-22	-1.127649607673466e-23	-3.508088675731335e-24	-1.0250598787036254e-22	-1.1275487295572456e-23	-3.508058813860161e-24
3.523680e-06	-0.14965988761495624	-0.0030595039367662716	0.040529541825610645	1.6e-10	-7.914663727635712e-23	8.086804202727415e-25	-1.0717384368935226e-23	-7.914406527478174e-23	8.092916106772216e-25	-1.0716046329044855e-23
3.683840e-06	-0.21698988034420122	-0.052061875297064575	0.06591864326776424	1.6e-10	-1.1475256730952462e-22	1.376522191873834e-23	-1.7430187768584334e-23	-1.1475101681438296e-22	1.3766907592156216e-23	-1.742988236275911e-23
3.844000e-06	-0.15872722514512483	0.03980121094770672	-0.04348145061669259	1.6e-10	-8.394124184111345e-23	-1.0524827783403823e-23	1.1496843366832864e-23	-8.393970731317882e-23	-1.0523436208213184e-23	1.1497659301676794e-23
4.004160e-06	-0.17915278172476753	0.017211498946274377	0.06751377888772997	1.6e-10	-9.47431276371112e-23	-4.551040765881186e-24	-1.7852065449265664e-23	-9.474131031089111e-23	-4.550998217952912e-24	-1.78515678537075e-23
4.164320e-06	-0.2783003823455358	-0.009453852051218712	-0.09929047200593573	1.6e-10	-1.4717536664295358e-22	2.5003728223460582e-24	2.6254088735181375e-23	-1.4717446716552235e-22	2.499152790042137e-24	2.6254164569634702e-23
4.324480e-06	-0.2024372081520911	0.05351149796350863	-0.04612775326694167	1.6e-10	-1.0705731451899396e-22	-1.4149265496500627e-23	1.2196970720956005e-23	-1.0705435175110518e-22	-1.4149474879031623e-23	1.219698877881806e-23
4.484640e-06	-0.21690114875883873	0.061673948900183496	0.01782169034425046	1.6e-10	-1.147061517256072e-22	-1.6308059951274955e-23	-4.71174723217194e-24	-1.1470358375510007e-22	-1.630726823406101e-23	-4.712982191027645e-24
4.644800e-06	-0.18408183188482724	0.020340656700256997	0.0005957784578149153	1.6e-10	-9.73477890475833e-23	-5.3788695007955744e-24	-1.5754499262432855e-25	-9.734995506002965e-23	-5.377976894672318e-24	-1.5752335489488253e-25
4.804960e-06	-0.09679634238569666	0.029663305284312217	0.010870458504950877	1.6e-10	-5.119034174889843e-23	-7.843560678435883e-24	-2.8740829610383886e-24	-5.118819992482809e-23	-7.843426348814021e-24	-2.8745933890907515e-24
4.965120e-06	-0.12995808859861185	0.012682632334319896	0.025743914628860838	1.6e-10	-6.872698965131688e-23	-3.3533593409375206e-24	-6.80753346025754e-24	-6.872572050491716e-23	-3.353657567062215e-24	-6.806743554020316e-24
5.125280e-06	-0.22463500676916276	0.01695278780715909	0.051074000149890754	1.6e-10	-1.1879501452448781e-22	-4.482871768083999e-24	-1.350515809925468e-23	-1.1879458691005805e-22	-4.482351749161394e-24	-1.3504548725623125e-23
5.285440e-06	-0.2819787611189605	0.02463848917688899	-0.0981295415768021	1.6e-10	-1.4911916893425998e-22	-6.515311010396126e-24	2.5946994896474096e-23	-1.4912117399245489e-22	-6.514378578314425e-24	2.5947318013629345e-23
5.445600e-06	-0.07896610529915848	-0.0914914694338919	0.1446741658039467	1.6e-10	-4.175979736321164e-23	2.4192576939291648e-23	-3.825382022786763e-23	-4.176024591455008e-23	2.4191292702800794e-23	-3.8254908056581344e-23
5.605760e-06	-0.14766173834214372	0.015976152179974362	-0.004608583034113395	1.6e-10	-7.808854113236566e-23	-4.224380127239154e-24	1.2183265246742311e-24	-7.80887798366251e-23	-4.224364567008096e-24	1.21885238365714e-24
5.765920e-06	-0.12373708518073716	-0.004326341818416559	-0.06916925434269396	1.6e-10	-6.543583130485153e-23	1.1438916388094368e-24	1.8290009520635297e-23	-6.543711310783293e-23	1.1440283210052062e-24	1.828909674330638e-23
5.926080e-06	0.050888851153982124	-0.011389275271220326	0.11167205689610891	1.6e-10	2.6911871890932785e-23	3.0116537338622783e-24	-2.9528287609040394e-23	2.6911715238013087e-23	3.0113909730030033e-24	-2.952777820987509e-23
6.086240e-06	-0.148641194239435	-0.011648993596941961	0.0445823550029625	1.6e-10	-7.86066149538731e-23	3.079707632976168e-24	-1.1788915789104608e-23	-7.860664665694144e-23	3.080685136319623e-24	-1.1787783404809911e-23
6.246400e-06	-0.10961266337898783	-0.06614845960455497	-0.12870924760353258	1.6e-10	-5.796742594145989e-23	1.7491204060498032e-23	3.403290103884858e-23	-5.796654793794421e-23	1.749040093605931e-23	3.4033023478587015e-23
6.406560e-06	-0.17243817645872062	0.0692458459360149	0.0457528958151084	1.6e-10	-9.119203897234848e-23	-1.830978888304566e-23	-1.2098041473992807e-23	-9.119056558724651e-23	-1.8309821681589706e-23	-1.2097680353260049e-23
6.566720e-06	-0.23860288536718885	0.06441075612985298	0.039643120406261056	1.6e-10	-1.2618176081193206e-22	-1.703129489916048e-23	-1.048269486033418e-23	-1.2618124016537262e-22	-1.703135206940895e-23	-1.048196532366996e-23
6.726880e-06	-0.20374427786231578	0.0358403359015824	-0.13492957793350455	1.6e-10	-1.077465692997016e-22	-9.477509674265802e-24	3.5677195536978194e-23	-1.0774754474006394e-22	-9.47610589170718e-24	3.5678255945713466e-23
6.887040e-06	-0.1119696926079104	-0.030764129530883803	-0.07369682771449891	1.6e-10	-5.921251194126718e-23	8.135001539239737e-24	1.948705195905577e-23	-5.921441987735745e-23	8.134139636964714e-24	1.9486392485999964e-23
7.047200e-06	-0.11848339878733978	0.011673840960303607	-0.036357769290615786	1.6e-10	-6.265820661850956e-23	-3.0861458820476534e-24	9.614167866841944e-24	-6.265807375772585e-23	-3.0873870438635818e-24	9.613084490359268e-24
7.207360e-06	-0.03309942883511044	0.03399007627427131	-0.03460748247479404	1.6e-10	-1.750289063101306e-23	-8.987699356668636e-24	9.151000995850282e-24	-1.7505366666010588e-23	-8.987434592974607e-24	9.150638809174792e-24
7.367520e-06	-0.03815676675645808	-0.018913303189720215	0.02907067100710381	1.6e-10	-2.0177571983903515e-23	5.000359986125271e-24	-7.686878499936297e-24	-2.0179677464777302e-23	5.0016522307699955e-24	-7.686702923233248e-24
7.527680e-06	-0.0901556740872294	0.021965623597338654	-0.07184335904858982	1.6e-10	-4.767885736743875e-23	-5.808076463427552e-24	1.899750916450712e-23	-4.767605177223696e-23	-5.80810889746346e-24	1.8995756624894533e-23
7.687840e-06	-0.08118281131934449	-0.09662156875897228	0.012203340211454665	1.6e-10	-4.2931411873133977e-23	2.554872772843038e-23	-3.2259822734059266e-24	-4.293317376104826e-23	2.554811677175525e-23	-3.2275682298642193e-24
7.848000e-06	-0.043603882397324545	-0.09560115389368978	-0.04426300739392242	1.6e-10	-2.3059599951459763e-23	2.5278521807706932e-23	1.1704069472513137e-23	-2.305889773470714e-23	2.5278691820686028e-23	1.1703747583285714e-23
8.008160e-06	-0.013867775883096884	-0.003542734176420254	0.049244085587601315	1.6e-10	-7.33382248352976e-24	9.370393282745711e-25	-1.302078585525343e-23	-7.333701487722426e-24	9.36481667644719e-25	-1.3021198510913382e-23
8.168320e-06	-0.11619592263063183	0.005075009064842663	0.011377839255020799	1.6e-10	-6.144831747427501e-23	-1.342190905859259e-24	-3.007969056359986e-24	-6.144856909373989e-23	-1.3416503077955878e-24	-3.009027886599499e-24
8.328480e-06	-0.21810597071192092	-0.004007926309272658	0.034688941965178015	1.6e-10	-1.1534188258600172e-22	1.060026151316072e-24	-9.172521079313246e-24	-1.1534215633103126e-22	1.0595046358841812e-24	-9.172197351935787e-24
8.488640e-06	-0.005303090404625486	-0.08320700912531755	0.01305277660164586	1.6e-10	-2.8045770034836537e-24	2.2000322838946072e-23	-3.450864691222148e-24	-2.804340108361494e-24	2.2002436149551806e-23	-3.451897351713178e-24
8.648800e-06	-0.08153468979231368	-0.10362565241924557	-0.04145599237932326	1.6e-10	-4.311720389276527e-23	2.740067759038786e-23	1.0961494050653543e-23	-4.3119552884363315e-23	2.740016981619705e-23	1.0961875874125759e-23
8.808960e-06	-0.013240788516192066	-0.07199699213334894	-0.011720696813533583	1.6e-10	-7.002967759365622e-24	1.903688222288853e-23	3.098584286120119e-24	-7.001410759870434e-24	1.9037630100031208e-23	3.0997276378024768e-24
8.969120e-06	0.036568478257875535	0.036809627224109694	0.029819471634623316	1.6e-10	1.9338504052892734e-23	-9.733123941699658e-24	-7.88567125826669e-24	1.93388610739319e-23	-9.733086558506503e-24	-7.883901967661872e-24
9.129280e-06	0.04929768602920257	-0.1543633624961399	-0.07294997420966888	1.6e-10	2.6072433107051303e-23	4.0815623412261323e-23	1.92892848102282e-23	2.6068227176343237e-23	4.081708890423957e-23	1.9289197567349978e-23
9.289440e-06	-0.006805449178220345	0.010072962438017091	0.009291030201510554	1.6e-10	-3.598591809492145e-24	-2.6632990417570704e-24	-2.456224738820807e-24	-3.599324414295579e-24	-2.6636336729951554e-24	-2.4571950087887007e-24
9.449600e-06	-0.030121416087351336	-0.127536571608599	-0.014336278038625045	1.6e-10	-1.592987948476362e-23	3.3722493098322635e-23	3.790372526452564e-24	-1.5928624413738146e-23	3.3723279573588843e-23	3.79114969175427e-24
9.609760e-06	-0.0492017564241821	0.02548755553988917	0.1193327720340289	1.6e-10	-2.6019881767139168e-23	-6.740164091343617e-24	-3.1553539334828793e-23	-2.601931671038127e-23	-6.73854131203036e-24	-3.155377893224044e-23
9.769920e-06	-0.016296477010100376	-0.0767162427580495	0.0035083839153679276	1.6e-10	-8.617854597753694e-24	2.0285139586386277e-23	-9.27692899320675e-25	-8.618432531238545e-24	2.0285076541419048e-23	-9.276624931092118e-25
9.930080e-06	-0.009295987655442583	-0.0720631132395042	-0.024738424297322117	1.6e-10	-4.915620130718122e-24	1.905567611958769e-23	6.541156889788666e-24	-4.916462737519212e-24	1.90538033101487e-23	6.5413818674556e-24
1.009024e-05	-0.04111208094735079	0.03802390554977161	0.17087640898923928	1.6e-10	-2.1742011609404018e-23	-1.0054690009788952e-23	-4.518215702524661e-23	-2.174098360929024e-23	-1.0053673067302341e-23	-4.5183228321077817e-23
1.025040e-05	-0.052342014856649625	-0.10067696978751492	-0.06442639918018807	1.6e-10	-2.7680706945147596e-23	2.662098453050467e-23	1.703578548508995e-23	-2.7679847143512926e-23	2.662049698109862e-23	1.7035134131951968e-23
1.041056e-05	0.03659861372252996	-0.027631988237685784	-0.022600567893349438	1.6e-10	1.9354770923330688e-23	7.306001797043394e-24	5.975763118519863e-24	1.9354467583547366e-23	7.306754193402676e-24	5.976202865134579e-24
1.057072e-05	0.09456821049465045	0.024750235234243256	-0.012381502011829615	1.6e-10	5.0011674702778965e-23	-6.544540232027873e-24	3.2739213776664227e-24	5.0010239805971246e-23	-6.544244577591953e-24	3.273847300117918e-24
1.073088e-05	-0.08489487899192003	0.06974244149538184	-0.013886711993202001	1.6e-10	-4.489480544003973e-23	-1.8441078219460305e-23	3.671049007864258e-24	-4.4895921058330144e-23	-1.844114934060164e-23	3.672727053744357e-24
1.089104e-05	0.048158389479658045	-0.08838945986753752	-0.0008527343403766092	1.6e-10	2.5468728662970347e-23	2.3372682453260965e-23	2.255208003672356e-25	2.546693237102313e-23	2.3370736650824218e-23	2.254347647062604e-25
1.105120e-05	-0.03858420730214214	0.009547245009145734	0.046691391784723556	1.6e-10	-2.040635216037423e-23	-2.524656753884522e-24	-1.2345731187263828e-23	-2.0402988137986326e-23	-2.5242583122435165e-24	-1.2346299948088666e-23
1.121136e-05	0.07008962516937332	0.0043025747958484175	0.01103968902262787	1.6e-10	3.7066474016400387e-23	-1.1382524067783036e-24	-2.9192118491306185e-24	3.7065186668324605e-23	-1.1370987075904895e-24	-2.9189594841883937e-24
1.137152e-05	0.047721006822801885	-0.012272886323891159	-0.08178062443344232	1.6e-10	2.523764409012079e-23	3.245269337596349e-24	2.162384023801623e-23	2.5235410611564496e-23	3.245059595686403e-24	2.16245969575185e-23
1.153168e-05	0.0001679327597831705	-0.04585102058831267	0.0036751847623291757	1.6e-10	8.881017317758738e-26	1.2123876026235421e-23	-9.721728411334802e-25	8.880715501328892e-26	1.2123737620889402e-23	-9.713926259225239e-25
1.169184e-05	0.06275839000737943	-0.016223706860017086	-0.030828742840923476	1.6e-10	3.318667574625846e-23	4.289664761905065e-24	8.151702880493497e-24	3.3190960963456735e-23	4.289995429088737e-24	8.151608050228568e-24
1.185200e-05	0.11804209935699478	-0.05382624830988245	-0.03352012040634787	1.6e-10	6.242564150355525e-23	1.4232529808327834e-23	8.863473761544398e-24	6.242388988003854e-23	1.4232661495030552e-23	8.863131184304079e-24
1.201216e-05	-0.0101686716596013	-0.12029751331121089	0.035176770780113185	1.6e-10	-5.376899010379307e-24	3.1808252209825587e-23	-9.301196152352343e-24	-5.378195153692196e-24	3.180925479160058e-23	-9.301503102569209e-24
1.217232e-05	0.09062276315579126	0.050480469304721956	0.0020207670426288134	1.6e-10	4.7925340117543414e-23	-1.334772922005735e-23	-5.341606912213021e-25	4.7923594930989924e-23	-1.3348097814330427e-23	-5.344911901942518e-25
1.233248e-05	0.008475300269761591	-0.056748295826850155	-0.13911463967179294	1.6e-10	4.480092112266452e-24	1.5005157061965805e-23	3.678427583845443e-23	4.483974683769124e-24	1.5005314566414166e-23	3.6784381732877307e-23
1.249264e-05	0.07686481488640422	0.03393856169814411	-0.03536765313212121	1.6e-10	4.0650147704249757e-23	-8.9740790223846e-24	9.351171688138895e-24	4.064742467756206e-23	-8.973812215264655e-24	9.35247279153303e-24
1.265280e-05	0.14649422685771554	-0.008637882734632708	-0.009370223855170189	1.6e-10	7.747107414655885e-23	2.284034609502988e-24	2.477720961191318e-24	7.747140545858775e-23	2.2839780672119658e-24	2.477579142438857e-24
1.281296e-05	0.03209476822698144	-0.032001730384591205	-0.03276100448554868	1.6e-10	1.6973299525027402e-23	8.463043723582763e-24	8.662093876730893e-24	1.697235880366652e-23	8.460583804990972e-24	8.663064200037069e-24
1.297312e-05	0.09889969702691001	0.0175421192509157	-0.06526681809761771	1.6e-10	5.2300326326983667e-23	-4.6380717038207906e-24	1.7257825855522864e-23	5.2302869512530754e-23	-4.638810767342236e-24	1.725753644532722e-23
1.313328e-05	0.18263063231374943	-0.06764343305838265	0.03179515923351213	1.6e-10	9.658175876985616e-23	1.7886061949587877e-23	-8.407620979914758e-24	9.658109573178258e-23	1.7886136980443602e-23	-8.40676454269977e-24
1.329344e-05	0.11556608180549754	0.02586070703847544	-0.007099878864988208	1.6e-10	6.111394882286834e-23	-6.838094254575829e-24	1.8772256272817773e-24	6.111677428372835e-23	-6.83794663784198e-24	1.8774371335448192e-24
1.345360e-05	0.17070592173318214	0.023207784108561617	0.04555462608868767	1.6e-10	9.027563566588001e-23	-6.136488204439933e-24	-1.2045310826594288e-23	9.027481589270456e-23	-6.136594827960663e-24	-1.2045559107013235e-23
1.361376e-05	0.15244265062918347	0.019191988253797573	-0.11807834021983354	1.6e-10	8.061626368814754e-23	-5.0746163924338885e-24	3.122258674360324e-23	8.061768256982165e-23	-5.0747741786186645e-24	3.122134439932057e-23
1.377392e-05	0.061534884317643083	0.13074389935043118	0.034507469617666875	1.6e-10	3.254103483314046e-23	-3.457139247907305e-23	-9.123839371676979e-24	3.254253719819947e-23	-3.457052662463435e-23	-9.124910180494155e-24
1.393408e-05	0.23028219341305614	0.10273809889786546	0.1983678283323153	1.6e-10	1.2178133010191274e-22	-2.7165590914500425e-23	-5.245250900327348e-23	1.217811285266315e-22	-2.716588732820282e-23	-5.24512945943923e-23
1.409424e-05	0.11151577167432646	-0.0284026990468407	0.01157571277139918	1.6e-10	5.897470245988507e-23	7.510597949896313e-24	-3.060613206604626e-24	5.8972131073528e-23	7.509736696811561e-24	-3.061026119080188e-24
1.425440e-05	0.1057558401648823	-0.01825565195377065	-0.03283537335685758	1.6e-10	5.592867907595622e-23	4.827345246304242e-24	8.681634949791777e-24	5.59260503955647e-23	4.82687812046298e-24	8.68285194138697e-24
1.441456e-05	0.21199971523183672	-0.03587838992355977	-0.06897416392887416	1.6e-10	1.1211249336390277e-22	9.486767142528275e-24	1.8238727093181434e-23	1.1211314519689786e-22	9.486972715084369e-24	1.8237208603440165e-23
1.457472e-05	0.08265067617314323	0.011582936597096182	0.08164274833681043	1.6e-10	4.370727843273169e-23	-3.0630746763040936e-24	-2.1588134819037905e-23	4.370982313921157e-23	-3.0623848693194448e-24	-2.1587388708834522e-23
1.473488e-05	0.11355523086993385	-0.006239219588533449	0.01177010342481658	1.6e-10	6.005221086194989e-23	1.6491658970758099e-24	-3.1123191421196697e-24	6.005169646171403e-23	1.6503503108641535e-24	-3.1121207268865346e-24
1.489504e-05	0.1391343479637872	-0.06788968772956876	-0.08199664137186859	1.6e-10	7.357887527510921e-23	1.7951392004520962e-23	2.1681467439289236e-23	7.35792847564807e-23	1.7951034990060268e-23	2.1681207014866252e-23
1.505520e-05	0.17707691833245892	0.010148511439763901	0.00321507473252652	1.6e-10	9.364408612314662e-23	-2.6835923814401752e-24	-8.498753227178567e-25	9.364477438089062e-23	-2.683293261328502e-24	-8.503679771910504e-25
1.521536e-05	0.2233655160169241	-0.043431375880882646	-0.032594081239880335	1.6e-10	1.181219667933031e-22	1.1484144700121401e-23	8.618039163602459e-24	1.18124932972252e-22	1.1483876681453325e-23	8.618844077781975e-24
1.537552e-05	0.13746201208513453	0.046957344498107366	-0.007485683393878059	1.6e-10	7.269444670469948e-23	-1.24164996112206e-23	1.980121265840353e-24	7.269493461065232e-23	-1.2416176570415953e-23	1.978568355238683e-24
1.553568e-05	0.1743394246222034	-0.029772320240157715	0.046020047246972846	1.6e-10	9.219621128071855e-23	7.872859093296819e-24	-1.2168108013897774e-23	9.219728554958213e-23	7.871778830644974e-24	-1.2168892781310685e-23
1.569584e-05	0.26461211015142055	-0.02936439219431576	0.065136510533478	1.6e-10	1.3993705371763856e-22	7.76433804239634e-24	-1.7223201923967888e-23	1.3993511174669605e-22	7.764573364542347e-24	-1.7223249208361092e-23
1.585600e-05	0.13768232356539017	0.06340502784479345	0.05553413249974929	1.6e-10	7.281276401551111e-23	-1.6765752322943604e-23	-1.4684446802317823e-23	7.280963406031139e-23	-1.6765030596284406e-23	-1.4683933037203715e-23
1.601616e-05	0.2189945108569682	0.01505466601825579	-0.0647081962988214	1.6e-10	1.1581216528484084e-22	-3.980488158391717e-24	1.7109888073825148e-23	1.1581165545862311e-22	-3.980942591247782e-24	1.711005561517854e-23
1.617632e-05	0.14850716662249022	0.03446537678733599	-0.0024785506170434406	1.6e-10	7.853535297232805e-23	-9.113421361239434e-24	6.551454143001364e-25	7.853615171670385e-23	-9.113068048799361e-24	6.5559832702668255e-25
1.633648e-05	0.19042397486879994	0.09677921095460347	-0.07346293425461609	1.6e-10	1.0070289466615746e-22	-2.5590287063222487e-23	1.9424668084470413e-23	1.0070274080564811e-22	-2.558992408748652e-23	1.9425085378226172e-23
1.649664e-05	0.2072421602733828	-0.07400027486396996	0.027407766720686438	1.6e-10	1.0959761011786028e-22	1.9567177159442014e-23	-7.247476069146334e-24	1.0959610755410876e-22	1.9566740701643452e-23	-7.246703770284387e-24
1.665680e-05	0.16517962523019109	0.05791469360093242	0.02378428926777345	1.6e-10	8.735283622461415e-23	-1.5314165221810845e-23	-6.2887187575800894e-24	8.735261994248491e-23	-1.5313138074275175e-23	-6.2892402271813235e-24
1.681696e-05	0.23152968433631754	0.061059039255252204	0.01934590062559667	1.6e-10	1.2244084068001095e-22	-1.6145237132476192e-23	-5.1160003474682486e-24	1.2244105106025769e-22	-1.6144905440441846e-23	-5.114784424506682e-24
1.697712e-05	0.2723478352122347	-0.06309696571686986	-0.0020252824541758517	1.6e-10	1.4402862526863593e-22	1.6684194336536703e-23	5.351083981294645e-25	1.4402538084743123e-22	1.6683674623075368e-23	5.3593140143019425e-25
1.713728e-05	0.2222304791216024	0.06037103056586681	0.014659281555783341	1.6e-10	1.1752180394583943e-22	-1.5963674312221296e-23	-3.876557298784461e-24	1.1752460188068699e-22	-1.596262535595718e-23	-3.8757803972374644e-24
1.729744e-05	0.25030727468921926	-0.18072146512475995	0.03430751055406227	1.6e-10	1.3237154683432784e-22	4.7785760733560854e-23	-9.07138323416552e-24	1.3237083001833437e-22	4.7786032555345106e-23	-9.071621006260217e-24
1.745760e-05	0.18161571354340142	-0.08126116925264233	0.08579700321479122	1.6e-10	9.604489998351057e-23	2.148633950960359e-23	-2.2686777738026836e-23	9.604450590595519e-23	2.1487391733734355e-23	-2.2685660192369066e-23
1.761776e-05	0.22694045299154084	0.05937696123901729	-0.03781197606078384	1.6e-10	1.2001408578167426e-22	-1.5700547699731095e-23	9.998456291160586e-24	1.2001391583087467e-22	-1.5700053562008185e-23	9.99783113505214e-24
1.777792e-05	0.13568301700700755	0.09650954106467344	0.0633202205923858	1.6e-10	7.175298092580709e-23	-2.551837983646622e-23	-1.6743091303568282e-23	7.17548115016444e-23	-2.5519220505460528e-23	-1.6742842583065375e-23
1.793808e-05	0.19940916815937085	0.06155785235871824	-0.09643976982019983	1.6e-10	1.0545402011892167e-22	-1.6277519907621663e-23	2.5499548331857746e-23	1.054549805085413e-22	-1.627641238257047e-23	2.5501154548434722e-23
1.809824e-05	0.2922455796995612	-0.010008122315250037	-0.03360234258215379	1.6e-10	1.5454997937942753e-22	2.646136717097702e-24	8.885037075250792e-24	1.5454926476648642e-22	2.6465062872191552e-24	8.885049829480884e-24
1.825840e-05	0.12869831222306155	-0.019591240441999	0.059998909689269485	1.6e-10	6.806113585063496e-23	5.179873974520447e-24	-1.58648112377608e-23	6.805914721703385e-23	5.1806550511262226e-24	-1.5864697998321145e-23
1.841856e-05	0.266218475990294	-0.07672588867977007	-0.05861923270526993	1.6e-10	1.407868683008909e-22	2.0287825804336966e-23	1.5499287274097592e-23	1.407843013102341e-22	2.0287491388761523e-23	1.5500600801735617e-23
1.857872e-05	0.2621483716335155	0.002618050208593647	0.021451502034609004	1.6e-10	1.3863375027064157e-22	-6.925636704860932e-25	-5.6713762914328065e-24	1.386325940083662e-22	-6.919522906123029e-25	-5.672923724351537e-24
1.873888e-05	0.2226637802743955	-0.08384831138642877	-0.021064022947701624	1.6e-10	1.1775261061479192e-22	2.2171148464188255e-23	5.570570631561802e-24	1.1775208460651561e-22	2.217075346979513e-23	5.56881696270884e-24
1.889904e-05	0.27340913932036065	-0.033855991454144196	-0.012945117696007131	1.6e-10	1.4458974521147889e-22	8.952509096140097e-24	3.422840005433094e-24	1.4458676987100037e-22	8.95171614128435e-24	3.422988248527629e-24
1.905920e-05	0.2703045608800699	0.08398235261440033	0.0427017148316155	1.6e-10	1.4294673293256394e-22	-2.220711632420307e-23	-1.1290397452524033e-23	1.429461641499238e-22	-2.2205671245520907e-23	-1.1291753793050649e-23
1.921936e-05	0.2985418791193978	-0.041559556486444625	0.0662534769519829	1.6e-10	1.5787873069449782e-22	1.0989760618628812e-23	-1.751838461715785e-23	1.5787991743697386e-22	1.0988377627489878e-23	-1.7518757203657743e-23
1.937952e-05	0.18282826479163347	0.05614248372495317	-0.03167800956538858	1.6e-10	9.668555725535926e-23	-1.4845619466618444e-23	8.376092055280276e-24	9.668632712085315e-23	-1.484447763504409e-23	8.376340639627743e-24
1.953968e-05	0.3070370977818942	-0.03379632522506382	0.08195485961099591	1.6e-10	1.6237232376991544e-22	8.93644996476373e-24	-2.1670253373155064e-23	1.6237145823352922e-22	8.936221711446722e-24	-2.167032541007498e-23
1.969984e-05	0.2753417794601121	-0.011359266555852567	0.0005638309343810993	1.6e-10	1.4560910022760052e-22	3.0028502681331375e-24	-1.491581894131475e-25	1.4561150951133627e-22	3.0043247604650487e-24	-1.4901522329899333e-25
1.986000e-05	0.3883386150101733	-0.014923659531218556	-0.05873786816200365	1.6e-10	2.0536786614600829e-22	3.946341521534013e-24	1.5531406439149516e-23	2.0536605320726093e-22	3.94580844237335e-24	1.5531220183249437e-23
2.002016e-05	0.15688725893158184	-0.08542357437967646	0.07249904072494644	1.6e-10	8.296643034312009e-23	2.258761234737699e-23	-1.916999907959197e-23	8.29684426360419e-23	2.258734340042352e-23	-1.9170013989351408e-23
2.018032e-05	0.15880300970913752	-0.012919903917781493	-0.046498194440279715	1.6e-10	8.398085517454071e-23	3.416798365473662e-24	1.2295213812635602e-23	8.398024908136851e-23	3.415695946853607e-24	1.2294647861235523e-23
2.034048e-05	0.19662527440536282	0.09507453382478952	-0.006154771078498074	1.6e-10	1.039829504004564e-22	-2.5139030648596016e-23	1.6271365969873166e-24	1.0398161066304829e-22	-2.5139687957475608e-23	1.6277203240456174e-24
2.050064e-05	0.2664947872814443	-0.03757666882767298	-0.04916667740069061	1.6e-10	1.409317683637887e-22	9.93564080954331e-24	1.3000584861122996e-23	1.4093164731933538e-22	9.936207970995607e-24	1.3000463374205479e-23
2.066080e-05	0.269054889710789	-0.051439138372949625	0.1282125700563052	1.6e-10	1.4228624528525037e-22	1.36009761357915e-23	-3.390190516280551e-23	1.4228491269329679e-22	1.3601828436337653e-23	-3.390135901533394e-23
2.082096e-05	0.16754824648987135	-0.003974605011942482	0.05920513711259664	1.6e-10	8.860642198651349e-23	1.0503644294982692e-24	-1.5654889712168338e-23	8.860425265228579e-23	1.0515448914174195e-24	-1.56548449738907e-23
2.098112e-05	0.3133693273144876	0.06007758985673675	-0.04700392197419106	1.6e-10	1.6572053982194955e-22	-1.5885831333102148e-23	1.2428303402414697e-23	1.6572064844264923e-22	-1.588528671870167e-23	1.2429004573805738e-23
2.114128e-05	0.13961946881520892	0.05099952315374504	-0.013874064815508071	1.6e-10	7.383563019079529e-23	-1.3486052363947604e-23	3.668829365090877e-24	7.383562739637103e-23	-1.3484268428362922e-23	3.6682584403511846e-24
2.130144e-05	0.16679794801546877	-0.038729471422566095	0.00412545005907071	1.6e-10	8.820800421229048e-23	1.0241259145497847e-23	-1.0917578654264836e-24	8.82091026120053e-23	1.0240231697121817e-23	-1.0899235281922966e-24
2.146160e-05	0.21314241503845344	0.02445111056948747	-0.03228880291664934	1.6e-10	1.1271817789143661e-22	-6.4652877994978986e-24	8.537982020111872e-24	1.1271605941067227e-22	-6.4653094584835924e-24	8.53745945460456e-24
2.162176e-05	0.23639104457795293	0.027626435367671516	-0.1085905863113377	1.6e-10	1.2501273688132927e-22	-7.304776360210354e-24	2.8713149113626025e-23	1.250108674231721e-22	-7.3050430601446e-24	2.871332790367578e-23
2.178192e-05	0.17197457306510647	-0.0029709152093697995	0.0035000264032645336	1.6e-10	9.094586089244154e-23	7.856014215303534e-25	-9.26074526943391e-25	9.094640449242247e-23	7.855218390678419e-25	-9.248610939837778e-25
2.194208e-05	0.14775519419395378	-0.07201654706960686	0.03454871009310818	1.6e-10	7.813717387861827e-23	1.9041899401200882e-23	-9.135285294159332e-24	7.813899254345169e-23	1.9042954225689206e-23	-9.135273629227549e-24
2.210224e-05	0.2038240111715561	0.008296268600374558	-0.0813252243576187	1.6e-10	1.0779004372943774e-22	-2.1932254813076603e-24	2.1503898859047187e-23	1.0778840180445757e-22	-2.1941297677596185e-24	2.1503706932982922e-23
2.226240e-05	0.20590595283282118	0.07982537525422943	-0.015378314389430279	1.6e-10	1.0888983391743017e-22	-2.1106974931977515e-23	4.066705212360328e-24	1.0889061785296972e-22	-2.110745851523396e-23	4.06588203766797e-24
2.242256e-05	0.30241880142378574	-0.03546846138837257	-0.0891875177626775	1.6e-10	1.5992984285198826e-22	9.379319846967059e-24	2.3582061833350125e-23	1.5992930790153468e-22	9.377635549517083e-24	2.3583398018426152e-23
2.258272e-05	0.2696657809236028	-0.08014565165901745	0.08393513138623357	1.6e-10	1.426074798917538e-22	2.119129662982947e-23	-2.2194373749214267e-23	1.4260979912340856e-22	2.119251014783777e-23	-2.2193441626356004e-23
2.274288e-05	0.12561153995361138	0.06127649164436355	-0.055597774150122334	1.6e-10	6.642859550000759e-23	-1.6202678780495878e-23	1.4701090383239308e-23	6.642690252958606e-23	-1.6202460205128785e-23	1.4700945379695217e-23
2.290304e-05	0.14222844891037328	0.08961623676070896	-0.00986360816009015	1.6e-10	7.521702340375304e-23	-2.3696579708532064e-23	2.608814467784191e-24	7.521367285867675e-23	-2.3695601680149867e-23	2.6074044170997715e-24
2.306320e-05	0.1772669053515766	0.10535622344080865	0.010372660261294254	1.6e-10	9.374475232962063e-23	-2.7858558486048924e-23	-2.742491857007211e-24	9.374505169348505e-23	-2.785747502711559e-23	-2.7429314839840867e-24
2.322336e-05	0.15249546078060588	0.13754537507187245	-0.02253185347108408	1.6e-10	8.0644843329977e-23	-3.6369878708147215e-23	5.958274454857124e-24	8.064495856373755e-23	-3.636889720552248e-23	5.95735293071605e-24
2.338352e-05	0.16656874114347597	-0.0469379691083129	-0.05137741161104196	1.6e-10	8.808794643818029e-23	1.2411289164128846e-23	1.3585458320517305e-23	8.808673523682394e-23	1.2411140630436442e-23	1.358470300605745e-23
2.354368e-05	0.238648089750715	-0.05141277366932775	0.07174973708377787	1.6e-10	1.2620613273885676e-22	1.3594225624253946e-23	-1.8971439743561517e-23	1.2620467951950914e-22	1.3594636390068307e-23	-1.8972315487831376e-23
2.370384e-05	0.11609599922684134	-0.03525330673951877	-0.025318959996797747	1.6e-10	6.139508372931644e-23	9.321380032734444e-24	6.694742023840522e-24	6.139611689233774e-23	9.321794110940592e-24	6.69480418612275e-24
2.386400e-05	0.17344841723908558	0.05365267027981185	0.04874055275485237	1.6e-10	9.172482507048823e-23	-1.4186650943067695e-23	-1.2887423186898053e-23	9.172628037757618e-23	-1.4186746254849217e-23	-1.2888275496966679e-23
2.402416e-05	0.19423532135760466	0.023678021491570694	0.00638901251897858	1.6e-10	1.0271800898734579e-22	-6.260215962171595e-24	-1.6895753119958763e-24	1.027187714995858e-22	-6.2615449496072724e-24	-1.689156619125442e-24
2.418432e-05	0.16533943745656518	0.007186703972245064	-0.04371790664320626	1.6e-10	8.743730187867996e-23	-1.900142535677932e-24	1.1559293590049353e-23	8.74371828032256e-23	-1.9004363484239834e-24	1.1560255214364436e-23
2.434448e-05	0.23158066085955348	-0.02235245441378114	0.02210807608865534	1.6e-10	1.224683751493083e-22	5.909577225475391e-24	-5.8457711292810234e-24	1.2246743296761243e-22	5.911177707395644e-24	-5.8457480829151025e-24
2.450464e-05	0.17256320640645625	0.04367736197468047	0.01852624839695132	1.6e-10	9.125776650807718e-23	-1.1548832083793661e-23	-4.899340579342276e-24	9.125707843428513e-23	-1.154927528567196e-23	-4.8979836142571865e-24
2.466480e-05	0.09254429102213942	0.03647898907166469	-0.007523874141955704	1.6e-10	4.894132313919336e-23	-9.646095521132196e-24	1.9889952209609087e-24	4.893995336979118e-23	-9.64526201289338e-24	1.989890995301739e-24
2.482496e-05	0.1582419368212936	-0.06678276556190847	0.038498068221917585	1.6e-10	8.368442995787855e-23	1.7658586596638162e-23	-1.0178561336977985e-23	8.368324450832545e-23	1.765846143292637e-23	-1.018055544460773e-23
2.498512e-05	0.1347325867402455	-0.024630845823729822	-0.011155442789351263	1.6e-10	7.125139153020245e-23	6.513030788315205e-24	2.95007547820388e-24	7.125115981722058e-23	6.512616747107165e-24	2.9493104687402963e-24
2.514528e-05	0.17276174288684926	-0.02638562380491419	0.058315395838199086	1.6e-10	9.136178542388044e-23	6.97632588866393e-24	-1.542010447034255e-23	9.136304551782828e-23	6.977309245919152e-24	-1.5419104119006784e-23
2.530544e-05	0.04305981959703344	0.038607356483803	0.004515971849804673	1.6e-10	2.277129919152205e-23	-1.0208819876133361e-23	-1.194496202784848e-24	2.2771759877954623e-23	-1.0208092346977844e-23	-1.1937067178195904e-24
2.546560e-05	0.11075058953303217	0.07952037667686815	-0.009632393349773751	1.6e-10	5.856935177821191e-23	-2.1027017685511922e-23	2.5467697710804415e-24	5.856817188826667e-23	-2.1026121902542707e-23	2.5471746855285567e-24
2.562576e-05	0.13708678840970165	0.05517504997930975	-0.10745456767296568	1.6e-10	7.24954128082171e-23	-1.4588911056367157e-23	2.841286293815654e-23	7.249710588379064e-23	-1.4589573446995404e-23	2.8412847966846244e-23
2.578592e-05	0.0778247757667132	-0.09595889061025253	-0.008155435683325994	1.6e-10	4.1156686616714615e-23	2.5373320251552963e-23	2.1572014082998287e-24	4.1156207163880716e-23	2.5373077001056168e-23	2.1556764833712316e-24
2.594608e-05	0.2366910034027906	-0.04039134042175085	0.03470661523795286	1.6e-10	1.2517045984221545e-22	1.0680792569864135e-23	-9.177334104376474e-24	1.2517040186897448e-22	1.0679552415279436e-23	-9.176730577810059e-24
2.610624e-05	0.1199421503675838	-0.0500767078793935	0.011625234819980707	1.6e-10	6.342890577010703e-23	1.3240551439854623e-23	-3.0734078735712163e-24	6.34302517586921e-23	1.3241752532702602e-23	-3.0744204269560183e-24
2.626640e-05	0.1538228349028722	0.05906431625738716	0.0274372792727923	1.6e-10	8.134616439115039e-23	-1.5617886119379918e-23	-7.254739304613005e-24	8.134756068363427e-23	-1.5617377608705663e-23	-7.255047790077583e-24
2.642656e-05	0.13050009597294682	0.0034740803045912733	-0.03917709854652339	1.6e-10	6.901361692943312e-23	-9.184244008872389e-25	1.0358693477818505e-23	6.901235791758289e-23	-9.187900354510966e-25	1.0359518184564075e-23
2.658672e-05	0.08649667116763503	0.039640119747532815	-0.050001693036709476	1.6e-10	4.574266164749935e-23	-1.048126990567139e-23	1.3220840651792417e-23	4.5742231621810686e-23	-1.0481803451859734e-23	1.3221792866054283e-23
2.674688e-05	0.1522188416165262	-0.06595747734029754	-0.05910560647795672	1.6e-10	8.049840895956892e-23	1.7440476708281992e-23	1.5628477607773692e-23	8.049882127064855e-23	1.7440130226882313e-23	1.5628621810900148e-23
2.690704e-05	0.042971510159470865	-0.0012981053132841607	-0.03861149520399696	1.6e-10	2.2725998999188437e-23	3.433598400325247e-25	1.020949024515015e-23	2.272365783987619e-23	3.431233597266621e-25	1.0209610687818192e-23
2.706720e-05	0.07417038670248093	0.12880344741890654	0.03558242381077704	1.6e-10	3.9224880303721554e-23	-3.405748235243503e-23	-9.40844438269645e-24	3.922287746711406e-23	-3.4058258310244387e-23	-9.408778305139525e-24
2.722736e-05	0.20960281954483048	0.09008668160657847	0.03724765148238446	1.6e-10	1.1084540856919026e-22	-2.3820859689548797e-23	-9.847907530778366e-24	1.1084510645531474e-22	-2.3820109257978062e-23	-9.849945435792653e-24
2.738752e-05	0.13487017758081388	-0.06554680497467705	-0.04758431939714758	1.6e-10	7.13237566547462e-23	1.7331293419541344e-23	1.2581800536584699e-23	7.13243203302202e-23	1.7332135700247158e-23	1.258244176102207e-23
2.754768e-05	0.009834421003289578	-0.04624172065884923	0.046787612984132414	1.6e-10	5.20031308511901e-24	1.222705445966437e-23	-1.2370696191604302e-23	5.201254384630151e-24	1.2227174936114578e-23	-1.237222004939079e-23
2.770784e-05	0.026704102830081865	-0.03510549184637287	0.029355224131329075	1.6e-10	1.4121972002175325e-23	9.282093166204811e-24	-7.762313721065945e-24	1.4122143767693024e-23	9.28291132059055e-24	-7.761749313006608e-24
2.786800e-05	0.01534991351019491	0.04172933021853096	0.05015932588788135	1.6e-10	8.115712251654393e-24	-1.1034442121366823e-23	-1.326354223918131e-23	8.119423538773965e-24	-1.1033478352723576e-23	-1.3262453009100122e-23
2.802816e-05	0.08526745364094321	0.10746085102425655	-0.02060049836000045	1.6e-10	4.5092597437566925e-23	-2.841443765975132e-23	5.4472799564772815e-24	4.509218990250154e-23	-2.8414596089278865e-23	5.4469797347115795e-24
2.818832e-05	0.13757712715835552	0.1015969593769601	0.05558916863295963	1.6e-10	7.275565266353353e-23	-2.6864212347482977e-23	-1.4698959760364372e-23	7.275548239331631e-23	-2.6863791666332204e-23	-1.469852509001372e-23
2.834848e-05	0.07668213468493508	0.031105999331855715	0.021941312586074724	1.6e-10	4.055159057041026e-23	-8.224741723111839e-24	-5.8010128994051086e-24	4.0552766531713664e-23	-8.225192082714523e-24	-5.8023159449925406e-24
2.850864e-05	0.030838731223244605	-0.05689541133785198	0.09494134494910483	1.6e-10	1.630817886123707e-23	1.5044081398946485e-23	-2.5103899153717665e-23	1.6309007420121631e-23	1.504418999486234e-23	-2.5104384549854234e-23
2.866880e-05	0.012114869148936598	-0.049409749512973215	0.058583825268938905	1.6e-10	6.405817866095352e-24	1.3064664504354686e-23	-1.5490417044055422e-23	6.407710052532572e-24	1.3064928710316794e-23	-1.5490746349250821e-23
2.882896e-05	0.08521626512824632	-0.04309968776809905	0.07243902259754709	1.6e-10	4.5064973226443696e-23	1.1395811008591843e-23	-1.915395900587964e-23	4.506567360808949e-23	1.1396802183248839e-23	-1.9154314387619334e-23
2.898912e-05	0.004180840871942357	0.040284244088231176	-0.15672077660327938	1.6e-10	2.2106084733191596e-24	-1.0652124470521885e-23	4.1439756572985755e-23	2.2113395567283017e-24	-1.0651584228728626e-23	4.1439638288320686e-23
2.914928e-05	0.16592640831103572	0.029188559037355507	0.05380953232345292	1.6e-10	8.774692690136739e-23	-7.718115758288041e-24	-1.4227953227601946e-23	8.774837887199371e-23	-7.717808963868696e-24	-1.422839805260852e-23
2.930944e-05	0.0754417725106271	-0.14408316818725603	-0.07198046834838943	1.6e-10	3.989654015512408e-23	3.809782666985671e-23	1.9032777275524622e-23	3.989592367276585e-23	3.809836152289848e-23	1.9032996667949838e-23
2.946960e-05	0.14797579665020272	0.013867364837854855	-0.09199044439208785	1.6e-10	7.825478801890547e-23	-3.6658656492562865e-24	2.4323560206119182e-23	7.825470291099025e-23	-3.667678966580858e-24	2.4324184700069882e-23
2.962976e-05	0.03427029939496985	0.03259723210998115	0.10152410485169727	1.6e-10	1.8122637522645875e-23	-8.619004855773901e-24	-2.684460983263433e-23	1.8124013815270535e-23	-8.619544656516013e-24	-2.684486615632846e-23
2.978992e-05	-0.05545353733170965	-0.09356725697647854	0.012435447888401526	1.6e-10	-2.932649316141152e-23	2.474048368362674e-23	-3.2876675213148002e-24	-2.932502341277774e-23	2.4741134543786132e-23	-3.2886295992487325e-24
2.995008e-05	-0.005773071412740098	-0.031001806520194155	-0.09165897675728096	1.6e-10	-3.053226204286259e-24	8.197154152518403e-24	2.4235893785422728e-23	-3.0527754977827436e-24	8.197678853499012e-24	2.4236559533571793e-23
3.011024e-05	0.05706540568206217	-0.0714901077564935	0.03305867385097227	1.6e-10	3.017922399644186e-23	1.8903681362808717e-23	-8.741487438236059e-24	3.017711666069269e-23	1.8902772857494154e-23	-8.741088519181883e-24
3.027040e-05	-0.0070031639022784834	0.027753353326309946	-0.06332457719547528	1.6e-10	-3.7041122742046176e-24	-7.338285217600864e-24	1.674433043798896e-23	-3.702920756764835e-24	-7.338652814614476e-24	1.674390740350113e-23
3.043056e-05	-0.0758198876489872	-0.014698333189807511	0.016172391295496247	1.6e-10	-4.0095828750163495e-23	3.887226872706647e-24	-4.277257831347101e-24	-4.009655598991628e-23	3.8857626752718834e-24	-4.2752648939967106e-24
3.059072e-05	-0.003830756955444777	-0.06500537144829326	0.09435186265616262	1.6e-10	-2.0246989851295834e-24	1.7188570022713177e-23	-2.4948211680439084e-23	-2.02697596357898e-24	1.7188530222494804e-23	-2.4948333302167243e-23
3.075088e-05	-0.11163482257938769	0.014075836134687861	0.0690120455218651	1.6e-10	-5.903610107565761e-23	-3.722481959693811e-24	-1.8247945464051044e-23	-5.903664894699777e-23	-3.721309515165864e-24	-1.824802334131247e-23
3.091104e-05	-0.0730108249279611	-0.04071594212553149	0.021253147447388532	1.6e-10	-3.8611219763760114e-23	1.0765873737669814e-23	-5.619554271906093e-24	-3.8610104927923856e-23	1.0766131889612775e-23	-5.619848938233458e-24
3.107120e-05	-0.060384412978627365	-0.03176015833439448	-0.06597505701153869	1.6e-10	-3.1934631125494983e-23	8.398063050450953e-24	1.744489747044511e-23	-3.1932122406550806e-23	8.397812759976903e-24	1.7445006200470546e-23
3.123136e-05	0.0301701280555048	0.03104635567311306	0.0008683830012637519	1.6e-10	1.5956202449037978e-23	-8.209458401596135e-24	-2.2969024354460667e-25	1.595382259198563e-23	-8.208933748366933e-24	-2.2954085282022886e-25
3.139152e-05	0.008152814323381885	0.13741274265784334	0.016740000336107036	1.6e-10	4.311221529452053e-24	-3.633411404645002e-23	-4.426079550485204e-24	4.3117617476169975e-24	-3.63345212412457e-23	-4.426614580056805e-24
3.155168e-05	-0.10801922299568237	-0.024541551271786127	-0.09236447785310552	1.6e-10	-5.712375922909229e-23	6.488877132729152e-24	2.4422674408910066e-23	-5.712488129006018e-23	6.489548332052471e-24	2.4422872385659504e-23
3.171184e-05	-0.08905312944310188	0.048259224075566334	0.04752670866831352	1.6e-10	-4.709541003152674e-23	-1.2760771874046043e-23	-1.2566988894398147e-23	-4.709337128783314e-23	-1.2760383498058608e-23	-1.2566786855244343e-23
3.187200e-05	-0.034653774863697785	-0.05700825513609127	-0.08368083413235766	1.6e-10	-1.8325493010267325e-23	1.5073951086027516e-23	2.2126694571971822e-23	-1.832674870381391e-23	1.5073996056900927e-23	2.2126639553012558e-23
3.203216e-05	-0.020219708136488185	0.0021216722565850755	0.005820800786714306	1.6e-10	-1.0692432033288023e-23	-5.610390989017986e-25	-1.5390471994396284e-24	-1.069333709235453e-23	-5.609749443054202e-25	-1.5391946061238404e-24
3.219232e-05	-0.15289376031163077	-0.03377692840201169	-0.023429501152791056	1.6e-10	-8.085609837619478e-23	8.93153859510913e-24	6.195833318526717e-24	-8.085497281493151e-23	8.930875369010223e-24	6.194501383536188e-24
3.235248e-05	-0.1344147328061195	-0.04803577903751289	-0.04536927718549838	1.6e-10	-7.108273336870713e-23	1.2700911317157698e-23	1.1996288664635222e-23	-7.108363353816751e-23	1.2702078523248927e-23	1.199656232150002e-23
3.251264e-05	-0.13549606864024918	0.04902644063365257	0.003163859447986928	1.6e-10	-7.165358395141116e-23	-1.2963459683779915e-23	-8.366818532017536e-25	-7.165647893275709e-23	-1.2963426483432209e-23	-8.364770226285738e-25
3.267280e-05	0.03602892915775973	0.02956712582261157	0.007216875507852858	1.6e-10	1.905298778952952e-23	-7.818601125272211e-24	-1.9086332841611742e-24	1.9053712653178964e-23	-7.817522872782996e-24	-1.907901344652542e-24
3.283296e-05	-0.008244035960441133	0.03828350921711897	0.0018036780494420238	1.6e-10	-4.358746606489975e-24	-1.012335713727168e-23	-4.775115869109631e-25	-4.360718995896113e-24	-1.0122293368194646e-23	-4.763360398106256e-25
3.299312e-05	-0.12099314121433698	-0.0037581469061043855	-0.04845073419947326	1.6e-10	-6.398516972902733e-23	9.933705706306221e-25	1.2811593868036592e-23	-6.398558875734821e-23	9.940681713163437e-25	1.2810838680625172e-23
3.315328e-05	-0.04363302325893044	0.0635121493217314	0.11595206409350982	1.6e-10	-2.3073105016462978e-23	-1.6793741039438344e-23	-3.0660107270018006e-23	-2.3076214051607155e-23	-1.6793691443081202e-23	-3.0659375121853885e-23
3.331344e-05	-0.1093118465272937	0.06088605976161508	-0.09791558106091072	1.6e-10	-5.780723353397627e-23	-1.6099454418675334e-23	2.588988749699262e-23	-5.780857551498794e-23	-1.609921055780583e-23	2.5891275664764537e-23
3.347360e-05	-0.17729543072305276	0.009970951618235436	0.08832779845326386	1.6e-10	-9.37611723371565e-23	-2.6363604247450628e-24	-2.335560977276105e-23	-9.375880208181732e-23	-2.636625421700345e-24	-2.3355200633813826e-23
3.363376e-05	-0.11855633548475607	0.02343922584190839	-0.027337994277142928	1.6e-10	-6.269761212211441e-23	-6.197937373572805e-24	7.228689475469174e-24	-6.269581115860819e-23	-6.197540081672169e-24	7.228592270880403e-24
3.379392e-05	-0.13934965294001228	-0.03572090459621051	0.060730019535076604	1.6e-10	-7.369285699441312e-23	9.445289442000912e-24	-1.6057530432083788e-23	-7.369302458474315e-23	9.445166691023068e-24	-1.605861508201585e-23
3.395408e-05	-0.10071318957060238	0.06355383430544842	-0.05660289678427651	1.6e-10	-5.326063757641823e-23	-1.6804742985160112e-23	1.496698110110298e-23	-5.326063399591972e-23	-1.680473392767703e-23	1.4966598450523842e-23
3.411424e-05	-0.13055284205783302	0.006124634069966621	-0.026224098046111963	1.6e-10	-6.903997563562977e-23	-1.6197668011405306e-24	6.934331595570597e-24	-6.904178708545661e-23	-1.6191526175787045e-24	6.933883092366897e-24
3.427440e-05	-0.1243366960613996	-0.02284840447300764	0.040649416236400344	1.6e-10	-6.575310374147756e-23	6.042209656099925e-24	-1.074906511602599e-23	-6.575403077462621e-23	6.040820924866936e-24	-1.0747759299485754e-23
3.443456e-05	-0.08356627193582264	-0.03040966454475086	0.05609651822735881	1.6e-10	-4.419146179555714e-23	8.041491924393785e-24	-1.4832701042821717e-23	-4.4194037551450976e-23	8.040195848009284e-24	-1.4833087934239566e-23
3.459472e-05	-0.11566732320058463	-0.12301892686962515	0.05725556499855013	1.6e-10	-6.116767125935248e-23	3.252846153347815e-23	-1.5139148767802433e-23	-6.117013172981392e-23	3.2528223582620164e-23	-1.513958442077911e-23
3.475488e-05	-0.19034831899089175	-0.016798751004475483	0.08020643239664325	1.6e-10	-1.0066303277443756e-22	4.441872980286994e-24	-2.1207860494473562e-23	-1.0066258376765177e-22	4.441890534772252e-24	-2.120808922193071e-23
3.491504e-05	-0.19446584845357678	-0.05042246693174971	-0.09139912034640031	1.6e-10	-1.0284091414150743e-22	1.3332179410329045e-23	2.4167137831545847e-23	-1.0283968783852314e-22	1.333297395807941e-23	2.41678943696845e-23
3.507520e-05	-0.12785796976960195	0.11790323627834703	0.05230309097546728	1.6e-10	-6.7615825243438e-23	-3.117559243177283e-23	-1.3830203998361576e-23	-6.761565319622292e-23	-3.117573764957769e-23	-1.382948876272114e-23
3.523536e-05	-0.16131433320530902	0.021466832047972107	-0.09762168338446837	1.6e-10	-8.530830642548699e-23	-5.6765908292904786e-24	2.5813208205224595e-23	-8.530894811033985e-23	-5.6758162184192026e-24	2.5812531666774519e-23
3.539552e-05	-0.13629436681624987	0.021608260138839767	0.016241137888292744	1.6e-10	-7.20751399220476e-23	-5.714432387102468e-24	-4.294267655868094e-24	-7.207925854814278e-23	-5.7127667728055635e-24	-4.2946106588752144e-24
3.555568e-05	-0.20465278531632725	-0.02266543492606685	0.043788965956897276	1.6e-10	-1.0822762299409937e-22	5.993368055899523e-24	-1.1578812244934642e-23	-1.0822739166130185e-22	5.992901869191904e-24	-1.1578315213704197e-23
3.571584e-05	-0.16431099038500682	-0.031249169598008407	0.035157932376053844	1.6e-10	-8.689409661203802e-23	8.263144158376386e-24	-9.295913685151967e-24	-8.689263091293232e-23	8.262503080073083e-24	-9.296823157599025e-24
3.587600e-05	-0.20395742580002388	0.0318004463340145	0.04035110562221191	1.6e-10	-1.0785993523551738e-22	-8.408200754723272e-24	-1.0669539975547095e-23	-1.0785961891853998e-22	-8.408980746819069e-24	-1.0669527410269505e-23
3.603616e-05	-0.09275388675643419	-0.08806305584595679	0.017969533135626017	1.6e-10	-4.9052996376807075e-23	2.328530916556659e-23	-4.751082146407044e-24	-4.904996318963752e-23	2.3285496143988208e-23	-4.751831653818638e-24
3.619632e-05	-0.12506061685064224	-0.07001578734422913	0.028310206472211087	1.6e-10	-6.613711300161041e-23	1.8513245534768223e-23	-7.485814286644581e-24	-6.613569049090727e-23	1.851353679756947e-23	-7.485607081873161e-24
3.635648e-05	-0.176749366304603	0.017901688865968747	-0.002902214799383987	1.6e-10	-9.34719750321038e-23	-4.733444099810332e-24	7.676828040553775e-25	-9.34704436428103e-23	-4.73359129155022e-24	7.671092808578826e-25
3.651664e-05	-0.11244267925833404	0.012634920587723973	-0.006079391953123277	1.6e-10	-5.946251721730948e-23	-3.341244005410502e-24	1.607457633530757e-24	-5.946467818362027e-23	-3.340541223415564e-24	1.6075361787009534e-24
3.667680e-05	-0.23283860797843464	0.029582009750014383	-0.0592752859299242	1.6e-10	-1.2313244654426867e-22	-7.821307266209422e-24	1.567324446416971e-23	-1.2313385384476734e-22	-7.822687874964408e-24	1.5673587352692977e-23
3.683696e-05	-0.2323174869363665	0.09682506963776272	-0.010722932564540967	1.6e-10	-1.2285631943887321e-22	-2.5602190196133476e-23	2.8358976131737732e-24	-1.2285880717431713e-22	-2.560227265309617e-23	2.8347618932858487e-24
3.699712e-05	-0.24419501279417832	0.12420197917469454	0.02796071352860857	1.6e-10	-1.2913982669469408e-22	-3.28413200759658e-23	-7.393082276053139e-24	-1.291377970445553e-22	-3.2841004239002676e-23	-7.393515050040999e-24
3.715728e-05	-0.2767603778689241	0.01332153907457322	-0.08765340936954456	1.6e-10	-1.4636004741388352e-22	-3.522446960402477e-24	2.3176712120223566e-23	-1.4636097065886432e-22	-3.522446019280063e-24	2.317745789154354e-23
3.731744e-05	-0.2629227121896767	0.04099298488199477	-0.019944149730607107	1.6e-10	-1.3904210009655515e-22	-1.0839241755931334e-23	5.273766134601134e-24	-1.39043240587506e-22	-1.0839273709696416e-23	5.273393574847558e-24
3.747760e-05	-0.256262817409464	0.014185006454658962	-0.005838896458819619	1.6e-10	-1.35522400459319e-22	-3.750935576864643e-24	1.543788308754768e-24	-1.3551897245180325e-22	-3.750588979110977e-24	1.544023121839402e-24
3.763776e-05	-0.17924109844078273	0.008568084455263133	-0.0023281670259900343	1.6e-10	-9.478897289351823e-23	-2.265506084381091e-24	6.157671054478104e-25	-9.478887500035498e-23	-2.265594839751421e-24	6.154485608841399e-25
3.779792e-05	-0.16643443288109983	0.02433214742090694	0.07651788454029121	1.6e-10	-8.801580155180276e-23	-6.434375878487934e-24	-2.023241558805852e-23	-8.801682643046303e-23	-6.4333095601562785e-24	-2.0232901776158828e-23
3.795808e-05	-0.14630130872424998	-0.030472722995121857	0.02723974248317266	1.6e-10	-7.736860255247227e-23	8.058076912425599e-24	-7.203301179804117e-24	-7.736983347282713e-23	8.056958334057781e-24	-7.202021606064665e-24
3.811824e-05	-0.26954402204506567	-0.059599938467984725	0.1180136316598021	1.6e-10	-1.4254336618512353e-22	1.57589370177831e-23	-3.120528542536289e-23	-1.425451322152993e-22	1.575958238686065e-23	-3.120442556502403e-23
3.827840e-05	-0.24568541513616013	0.11048496135573287	-0.027510258908780786	1.6e-10	-1.2992772905983254e-22	-2.9214419407155325e-23	7.27480186969754e-24	-1.2992624783019984e-22	-2.921386901769348e-23	7.273579384557375e-24
3.843856e-05	-0.2096716254583069	0.07078309553711803	0.020061674844888373	1.6e-10	-1.1087980108688457e-22	-1.8716528814867006e-23	-5.3048605764377454e-24	-1.1088348785988426e-22	-1.87160327730682e-23	-5.304450511489693e-24
3.859872e-05	-0.24007161648285225	0.11810009717674493	0.0814661527248072	1.6e-10	-1.2695859405242162e-22	-3.1227654697021384e-23	-2.154064503317965e-23	-1.269578390230396e-22	-3.122778228024226e-23	-2.1541488556466002e-23
3.875888e-05	-0.15663939158736037	0.014392927360571657	0.09298669584273805	1.6e-10	-8.283728498213184e-23	-3.8062411856583764e-24	-2.4587340831085864e-23	-8.283542627779202e-23	-3.805239131362746e-24	-2.458725648183659e-23
3.891904e-05	-0.19402460849007253	0.024910747346441817	0.06313639645419028	1.6e-10	-1.0260690303388626e-22	-6.5869842192261555e-24	-1.6694172917750722e-23	-1.026070129086675e-22	-6.5866849833899e-24	-1.669454838103087e-23
3.907920e-05	-0.26879939725597063	0.05529434294897032	-0.0028654384713671867	1.6e-10	-1.4215005956024239e-22	-1.4620928782891936e-23	7.57838066496354e-25	-1.4215087190477772e-22	-1.4620642018018878e-23	7.575053979028246e-25
3.923936e-05	-0.2059082606865315	-0.10204080152581721	0.024375287172110762	1.6e-10	-1.0889248594062166e-22	2.69817395788611e-23	-6.445202287023631e-24	-1.0889040676285293e-22	2.698098357361962e-23	-6.445296938363082e-24
3.939952e-05	-0.1324705928519299	-0.05160573228082911	-0.08178651744193678	1.6e-10	-7.005561958671039e-23	1.364566848257558e-23	2.1625466752776813e-23	-7.005448973388007e-23	1.3645236736531947e-23	2.162608687625889e-23
3.955968e-05	-0.35975296368469634	0.00018500321596127758	-0.02398149049015544	1.6e-10	-1.9024984905761535e-22	-4.9250852750239364e-26	6.341013282668779e-24	-1.9024989796899195e-22	-4.8585265191683186e-26	6.341232570088163e-24
3.971984e-05	-0.2138523696686857	0.044483456308109445	0.018082219665929246	1.6e-10	-1.1309368705457157e-22	-1.1762651283477284e-23	-4.781647255508964e-24	-1.1309144765905574e-22	-1.1761746801804856e-23	-4.780859098124992e-24
3.988000e-05	-0.22520905051823598	-0.022717468912596846	-0.013749312429225828	1.6e-10	-1.1909825265951912e-22	6.007458090334111e-24	3.635598154991298e-24	-1.1909849737676378e-22	6.0063292235371275e-24	3.635516250836881e-24
4.004016e-05	-0.1959330567742601	0.017567477912916414	0.0019407018699833952	1.6e-10	-1.0361594052589601e-22	-4.645743956527163e-24	-5.137524449541638e-25	-1.0361648300492061e-22	-4.644549057307978e-24	-5.125581476892849e-25
4.020032e-05	-0.1811891941857528	0.02252764902653614	-0.07578028866233244	1.6e-10	-9.582018974460862e-23	-5.956800693785794e-24	2.003769808477975e-23	-9.581809959905759e-23	-5.956603263054601e-24	2.0037552956274234e-23
4.036048e-05	-0.28416012670728447	-0.017901187719967328	-0.01898491477830278	1.6e-10	-1.5027384872962016e-22	4.733836192036837e-24	5.019511777416766e-24	-1.5027365816870938e-22	4.732934169364164e-24	5.020371155676473e-24
4.052064e-05	-0.30103014367444947	0.05356775901721672	-0.13231988979217815	1.6e-10	-1.5919592512770354e-22	-1.416499059478228e-23	3.4987526531385564e-23	-1.591944846061782e-22	-1.4163502572870622e-23	3.498783111002139e-23
4.068080e-05	-0.15679425217329565	0.05609803098676661	-0.04117045565436392	1.6e-10	-8.291899363063882e-23	-1.4832756004067617e-23	1.0885863335455919e-23	-8.291750897099222e-23	-1.4833832948957707e-23	1.0886504868475497e-23
4.084096e-05	-0.26870029636980813	-0.0009208830815915286	0.00820850704285467	1.6e-10	-1.420988387350684e-22	2.4346591666274e-25	-2.171299302555512e-24	-1.4209727664211784e-22	2.4352905291889627e-25	-2.169644558644318e-24
4.100112e-05	-0.2746835764181058	-0.03582400863373184	-0.06040743502329431	1.6e-10	-1.4526152466138887e-22	9.472733966431842e-24	1.5973046188266874e-23	-1.4526292370664295e-22	9.4722471779985e-24	1.5972505433449565e-23
4.116128e-05	-0.2562962689604006	0.005519693133934562	-0.032930753154335614	1.6e-10	-1.3553885838965776e-22	-1.4596233357931446e-24	8.707847134544771e-24	-1.3553789523798203e-22	-1.4593822652324004e-24	8.70707993697784e-24
4.132144e-05	-0.26489863373787026	-0.011917799240006473	0.048248669921502625	1.6e-10	-1.400869599127918e-22	3.1515209635851888e-24	-1.2756948451304678e-23	-1.4008825278352834e-22	3.1510255688976463e-24	-1.2758625498176094e-23
4.148160e-05	-0.2782577488336958	-0.0030245613762498935	0.0033562958798421336	1.6e-10	-1.471516295496764e-22	7.994337389005528e-25	-8.880692319094057e-25	-1.4715311213204608e-22	8.000594464916138e-25	-8.868566989150352e-25
4.164176e-05	-0.26589464382396816	0.04543788997327146	-0.04051327843649835	1.6e-10	-1.4061410043472702e-22	-1.201497742044635e-23	1.071157358265178e-23	-1.4061456178701017e-22	-1.2014158401989269e-23	1.071325643234208e-23
4.180192e-05	-0.27935914420181357	-0.04373937983133535	0.042885116968534	1.6e-10	-1.4773358294619707e-22	1.1565302726068754e-23	-1.1339820597843892e-23	-1.4773607098335742e-22	1.1565601868994376e-23	-1.1339320099711263e-23
4.196208e-05	-0.19184674095044973	0.03259091148939958	0.005474553953635995	1.6e-10	-1.0145511872754965e-22	-8.618039298040052e-24	-1.4477434704581021e-24	-1.0145533309549199e-22	-8.61716769346443e-24	-1.447390976410579e-24
4.212224e-05	-0.22790316031230393	-0.0023938085573740574	-0.07552490983211822	1.6e-10	-1.2052365107341864e-22	6.32603178784432e-25	1.99699342189137e-23	-1.2052257675471311e-22	6.33325981102244e-25	1.997026361735476e-23
4.228240e-05	-0.14708348712942818	0.09337576920823253	0.004868004259032755	1.6e-10	-7.778400081464424e-23	-2.469076643735238e-23	-1.2868520837979626e-24	-7.778172146688182e-23	-2.4689586424011344e-23	-1.2875177898736159e-24
4.244256e-05	-0.23208716558483983	0.10233841814255196	-0.00036522833390349084	1.6e-10	-1.2273569328508413e-22	-2.7061135089273053e-23	9.702347509601181e-26	-1.2273582940409111e-22	-2.705897808361848e-23	9.612197749992597e-26
4.260272e-05	-0.20622954966059978	-0.013020552234982923	-0.0944576904761668	1.6e-10	-1.0906168099576594e-22	3.443084957444388e-24	2.49761466848013e-23	-1.0906102929521217e-22	3.442635708604394e-24	2.4976363750710414e-23
4.276288e-05	-0.24743084123087158	0.06291903691703424	0.021744640842643756	1.6e-10	-1.308499974945523e-22	-1.6636326743676902e-23	-5.749150031418882e-24	-1.3085006334527294e-22	-1.6637447250906484e-23	-5.750171970463504e-24
4.292304e-05	-0.22994557258585369	0.04345348567798081	0.04742364475378153	1.6e-10	-1.2160333965949833e-22	-1.1489688899313412e-23	-1.2538660173916972e-23	-1.21603085341911e-22	-1.1490024936662448e-23	-1.2540611798166118e-23
4.308320e-05	-0.09640259637181828	0.07188475574277976	-0.011137890813067222	1.6e-10	-5.098164680234759e-23	-1.9007496295743237e-23	2.9445254089297814e-24	-5.0980441763923777e-23	-1.900766154826121e-23	2.945578455380046e-24
4.324336e-05	-0.197108892187901	0.06773358847460707	-0.01770127259700413	1.6e-10	-1.0423860843318252e-22	-1.791014227505788e-23	4.679747176188485e-24	-1.0423746037377023e-22	-1.7909733991013205e-23	4.681301135233112e-24
4.340352e-05	-0.11107996724206083	0.01134393153345065	0.00021846910687490546	1.6e-10	-5.874492045235241e-23	-3.000044258525182e-24	-5.736246110987853e-26	-5.874097596408694e-23	-2.9990211015378523e-24	-5.817158716120423e-26
4.356368e-05	-0.20813626660631226	0.04599447343694807	0.06843236602666267	1.6e-10	-1.1007031063856323e-22	-1.2161614899888102e-23	-1.8094847146203813e-23	-1.1006907605618473e-22	-1.2161861607483496e-23	-1.809456697156525e-23
4.372384e-05	-0.23744647325485205	0.01234579200152685	-0.0032072642126621718	1.6e-10	-1.2557003327372625e-22	-3.2643275445778998e-24	8.486267682759176e-25	-1.2556986581118532e-22	-3.2645564339087466e-24	8.47486047960995e-25
4.388400e-05	-0.11511865657422107	0.009687459575724108	0.02625600870084769	1.6e-10	-6.087924880951987e-23	-2.5618072016702868e-24	-6.942418322115585e-24	-6.087824625306631e-23	-2.5612581774652854e-24	-6.942671853065311e-24
4.404416e-05	-0.117687754037671	-0.004725954965502235	0.0305635151226929	1.6e-10	-6.223781562352783e-23	1.2497570558322743e-24	-8.081509107153077e-24	-6.223693555284445e-23	1.2494922397013565e-24	-8.081540186109942e-24
4.420432e-05	-0.14264264382374706	-0.006051010808990959	0.02926013078497008	1.6e-10	-7.543341607771176e-23	1.5998328207840352e-24	-7.737500690204346e-24	-7.543536158032254e-23	1.600152067145455e-24	-7.736273630958978e-24
4.436448e-05	-0.1823023845713472	-0.005169324067830841	-0.06821524124871021	1.6e-10	-9.64063637290793e-23	1.3657847051622231e-24	1.8037901373583634e-23	-9.640931320157211e-23	1.367933556139143e-24	1.803668959923406e-23
4.452464e-05	-0.23496558287581704	-0.024200295650366282	0.05577834751871655	1.6e-10	-1.2425862082860553e-22	6.398817903381261e-24	-1.4748580144662202e-23	-1.242573161306767e-22	6.399139726359658e-24	-1.4748949093759168e-23
4.468480e-05	-0.07889781433287357	0.09758299167534912	0.1267150473479769	1.6e-10	-4.1723154623096244e-23	-2.580195549967825e-23	-3.350599720352e-23	-4.1724659370058924e-23	-2.5803322836602977e-23	-3.3505324918318546e-23
4.484496e-05	-0.031990693625814	-0.02900784637106735	-0.11763611747729551	1.6e-10	-1.6917312633243802e-23	7.670537990421232e-24	3.110469003244029e-23	-1.6918269134170718e-23	7.66981958541757e-24	3.1105378340245773e-23
4.500512e-05	-0.13374448251881627	0.07070399636164801	0.04555254659992571	1.6e-10	-7.072906097043823e-23	-1.8695232830274282e-23	-1.2045621675222814e-23	-7.072840262928399e-23	-1.8695498378061073e-23	-1.204414851328347e-23
4.516528e-05	-0.2650092004904134	0.04499490715561938	-0.007844208821951316	1.6e-10	-1.401461158946089e-22	-1.1897971836676512e-23	2.074206230917605e-24	-1.4014603984656113e-22	-1.1896899245840632e-23	2.074084071393894e-24
4.532544e-05	-0.13561871129151823	-0.037228067190482675	-0.021629593179757607	1.6e-10	-7.171887295564265e-23	9.844267952591991e-24	5.7191063457172065e-24	-7.172090535033417e-23	9.843228153306522e-24	5.7193744447974835e-24
4.548560e-05	-0.15657585121518572	-0.026486537274252406	0.0035113211228075193	1.6e-10	-8.28030434526787e-23	7.00409646554031e-24	-9.283886478464441e-25	-8.280246305859518e-23	7.00290521227602e-24	-9.285200399686908e-25
4.564576e-05	-0.13533912419178987	-0.015449067402125517	-0.022102270020572492	1.6e-10	-7.157150945355105e-23	4.085155031535183e-24	5.84498272738065e-24	-7.157255803171521e-23	4.0848488742467184e-24	5.84346600418433e-24
4.580592e-05	-0.07353364395103774	-0.03384933936219045	-0.005977953443790752	1.6e-10	-3.888665457634376e-23	8.950008801902418e-24	1.5803548076741601e-24	-3.888763990480077e-23	8.950698588029235e-24	1.5809947926615466e-24
4.596608e-05	-0.11591181340244198	0.041705563718975214	-0.05261920391231233	1.6e-10	-6.129791591663977e-23	-1.1028054717787338e-23	1.391330849171026e-23	-6.129847697798901e-23	-1.102729722535997e-23	1.3913555778524822e-23
4.612624e-05	-0.03374353693282437	0.16048164710318166	-0.05577518724092025	1.6e-10	-1.7845400349181337e-23	-4.2434286135865e-23	1.474800205871367e-23	-1.7844110388433474e-23	-4.243398776339773e-23	1.474785591459036e-23
4.628640e-05	-0.22555345174689131	0.019860271391044904	0.014784750531817903	1.6e-10	-1.1928068619314856e-22	-5.2511746920378435e-24	-3.909226703012691e-24	-1.1928032647433768e-22	-5.251627239743585e-24	-3.909463349646593e-24
4.644656e-05	-0.12436529055821383	-0.008773337352463774	-0.011201025485106651	1.6e-10	-6.577023728349204e-23	2.3196162884440995e-24	2.962033474702625e-24	-6.576714078632502e-23	2.3200294976057336e-24	2.961458184918932e-24
4.660672e-05	-0.10258934677255134	-0.03090532902902915	-0.03516690723096886	1.6e-10	-5.425274772034369e-23	8.171928751852556e-24	9.298473166479001e-24	-5.425287815749028e-23	8.171883639914711e-24	9.299009914057454e-24
4.676688e-05	-0.011114855560826031	-0.02253548313472345	0.060588227635804646	1.6e-10	-5.8767214457550665e-24	5.9590462206914026e-24	-1.6020199334164646e-23	-5.879122578414311e-24	5.958500689769042e-24	-1.6020961727414412e-23
4.692704e-05	-0.2265743590997027	-0.01726081171290389	-0.03679672463864112	1.6e-10	-1.1981982748452142e-22	4.563805857036018e-24	9.730043087327823e-24	-1.198209678058815e-22	4.5643114017770365e-24	9.729344103043823e-24
4.708720e-05	-0.021448514200831055	0.07005602716124318	0.050730626066763575	1.6e-10	-1.134198507649126e-23	-1.852401900827836e-23	-1.341417803422561e-23	-1.1343454801697637e-23	-1.8524043552942038e-23	-1.341394060663398e-23
4.724736e-05	-0.09495489648441208	0.07393687575343026	-0.04346697809565039	1.6e-10	-5.021528095190415e-23	-1.9550040104054043e-23	1.1493505802529992e-23	-5.021561948166903e-23	-1.9550350080848282e-23	1.1493343267883e-23
4.740752e-05	-0.07471794036711187	0.010758321259186144	-0.06617968028885249	1.6e-10	-3.9512067451047796e-23	-2.8437900475664965e-24	1.7499409181609678e-23	-3.951482118137208e-23	-2.8455842131776913e-24	1.7498706399240997e-23
4.756768e-05	-0.01805549864351342	0.07952140894508127	0.05211928460850598	1.6e-10	-9.548431058479955e-24	-2.1027185752813506e-23	-1.3781192420017063e-23	-9.548319629713697e-24	-2.102649975150414e-23	-1.3781297128723236e-23
4.772784e-05	-0.10244435201205807	0.0336334191656495	0.06807236056481489	1.6e-10	-5.417557930934159e-23	-8.893421738766861e-24	-1.7999304075438275e-23	-5.417669010145102e-23	-8.893099514897616e-24	-1.7999726617104148e-23
4.788800e-05	-0.06420966733495893	0.06118230682515912	-0.031223838871865126	1.6e-10	-3.3956655907467704e-23	-1.6177971746197276e-23	8.256558598390385e-24	-3.395595253839014e-23	-1.6177359014290514e-23	8.255692839697453e-24
4.804816e-05	-0.039487686005964126	0.04885115231960888	-0.09302631590380361	1.6e-10	-2.0882286438389112e-23	-1.2917054734549349e-23	2.4597343885261016e-23	-2.088263574357005e-23	-1.291713284126578e-23	2.459820588817317e-23
4.820832e-05	-0.05031896629651873	0.08662787938664525	0.025245627918881502	1.6e-10	-2.661023092470872e-23	-2.290653206461289e-23	-6.674821950328615e-24	-2.6610606357749555e-23	-2.290530203328341e-23	-6.675943714856086e-24
4.836848e-05	-0.03761101704889919	0.009506532292598175	-0.06630178892411145	1.6e-10	-1.9892534296546448e-23	-2.514625060076282e-24	1.7531288540008303e-23	-1.988749231621752e-23	-2.5127596838875757e-24	1.753140232261156e-23
4.852864e-05	0.03756686033411308	0.08532980990457466	0.00014821564600559493	1.6e-10	1.986689752579901e-23	-2.2563230726369626e-23	-3.9149824926720697e-26	1.9866425867836843e-23	-2.2562139119753356e-23	-3.923175839955431e-26
4.868880e-05	0.020631778995537635	0.007128705961205242	0.02411186331885734	1.6e-10	1.0910685666955125e-23	-1.884889772301364e-24	-6.3753908517444615e-24	1.0910918251793662e-23	-1.8850177619517908e-24	-6.375800685856207e-24
4.884896e-05	0.0017148629935591232	0.0016596919804169183	-0.005878141625114957	1.6e-10	9.061903473856046e-25	-4.387304442893975e-25	1.5538757780440613e-24	9.075679448993686e-25	-4.389723806917567e-25	1.5546898490953815e-24
