#position_x	position_y	position_z	radius	msat
0	0	0	1.382196517020773e-08	400000
1e+07	0	0	4.914279422106843e-08	400000
2e+07	0	0	5.610430800625265e-08	400000
3e+07	0	0	2.2452119352569434e-08	400000
4e+07	0	0	3.7953808482847044e-08	400000
5e+07	0	0	2.540893898673657e-08	400000
6e+07	0	0	2.3442775796226536e-08	400000
7e+07	0	0	2.4665966085156828e-08	400000
8e+07	0	0	4.418860541336862e-08	400000
9e+07	0	0	1.0460726644151972e-08	400000
1e+08	0	0	1.128838966501207e-08	400000
1.1e+08	0	0	2.2410636255303656e-08	400000
1.2e+08	0	0	1.0164804825832896e-08	400000
1.3e+08	0	0	5.8629444032639856e-08	400000
1.4e+08	0	0	5.1717857692855565e-08	400000
1.5e+08	0	0	4.155619041653015e-08	400000
1.6e+08	0	0	1.6297099324485437e-08	400000
1.7e+08	0	0	1.718451597390438e-08	400000
1.8e+08	0	0	4.4933074610691e-08	400000
1.9e+08	0	0	2.3936032881840185e-08	400000
2e+08	0	0	3.998395582062977e-08	400000
2.1e+08	0	0	2.3417106284534286e-08	400000
2.2e+08	0	0	4.196579996479652e-08	400000
2.3e+08	0	0	2.5002045720024154e-08	400000
2.4e+08	0	0	2.625004419866705e-08	400000
2.5e+08	0	0	4.365799443646493e-08	400000
2.6e+08	0	0	1.551994918571965e-08	400000
2.7e+08	0	0	1.8427264659684458e-08	400000
2.8e+08	0	0	2.8801749924710687e-08	400000
2.9e+08	0	0	3.5458612756924526e-08	400000
3e+08	0	0	3.928684940295473e-08	400000
3.1e+08	0	0	1.4875784461331614e-08	400000
3.2e+08	0	0	3.6136693181807204e-08	400000
3.3e+08	0	0	1.6639814965535e-08	400000
3.4e+08	0	0	1.2684624424697259e-08	400000
3.5e+08	0	0	7.267124124397859e-09	400000
3.6e+08	0	0	2.6557169071282883e-08	400000
3.7e+08	0	0	8.882814757847358e-08	400000
3.8e+08	0	0	5.397307811756724e-08	400000
3.9e+08	0	0	2.7803011632341347e-08	400000
4e+08	0	0	5.328815617920528e-08	400000
4.1e+08	0	0	1.0028084156628217e-08	400000
4.2e+08	0	0	4.0472628093186596e-08	400000
4.3e+08	0	0	3.47570328987682e-08	400000
4.4e+08	0	0	4.683033832019839e-08	400000
4.5e+08	0	0	4.14133534212124e-08	400000
4.6e+08	0	0	1.3343340100997737e-08	400000
4.7e+08	0	0	1.2933369010978363e-08	400000
4.8e+08	0	0	1.3079566601535419e-08	400000
4.9e+08	0	0	1.3671428893065705e-08	400000
5e+08	0	0	3.946614504720583e-08	400000
5.1e+08	0	0	2.353718785292465e-08	400000
5.2e+08	0	0	3.9180050175697086e-08	400000
5.3e+08	0	0	5.8129672468546194e-08	400000
5.4e+08	0	0	1.4473587967155505e-08	400000
5.5e+08	0	0	1.704903095074328e-08	400000
5.6e+08	0	0	9.067821950420738e-09	400000
5.7e+08	0	0	9.874532630442707e-09	400000
5.8e+08	0	0	1.6940749115221877e-08	400000
5.9e+08	0	0	2.2534480103274852e-08	400000
6e+08	0	0	1.8325352022770115e-08	400000
6.1e+08	0	0	1.8132710790198417e-08	400000
6.2e+08	0	0	2.1251761599689057e-08	400000
6.3e+08	0	0	3.805495235420132e-08	400000
6.4e+08	0	0	9.568605898706584e-08	400000
6.5e+08	0	0	8.524508331199055e-09	400000
6.6e+08	0	0	3.372817898236995e-08	400000
6.7e+08	0	0	6.219266838831522e-08	400000
6.8e+08	0	0	1.7339840536410997e-08	400000
6.9e+08	0	0	1.811952235203085e-08	400000
7e+08	0	0	2.352064676691023e-08	400000
7.1e+08	0	0	2.6577829916391982e-08	400000
7.2e+08	0	0	2.297042711115471e-08	400000
7.3e+08	0	0	1.2970646168458899e-08	400000
7.4e+08	0	0	5.960564371245839e-08	400000
7.5e+08	0	0	1.0602795571275407e-08	400000
7.6e+08	0	0	3.997629475452865e-08	400000
7.7e+08	0	0	1.0310030849811073e-07	400000
7.8e+08	0	0	8.211914267830473e-09	400000
7.9e+08	0	0	2.7434455828488338e-08	400000
8e+08	0	0	1.9033344427446852e-08	400000
8.1e+08	0	0	3.542952319971237e-08	400000
8.2e+08	0	0	4.1043511009997616e-08	400000
8.3e+08	0	0	2.5073938818301368e-08	400000
8.4e+08	0	0	4.433654884395865e-08	400000
8.5e+08	0	0	1.2234088882236066e-08	400000
8.6e+08	0	0	7.015268233901431e-08	400000
8.7e+08	0	0	1.653651546537555e-08	400000
8.8e+08	0	0	9.285343676448726e-09	400000
8.9e+08	0	0	2.448931667096434e-08	400000
9e+08	0	0	1.5494372337368074e-08	400000
9.1e+08	0	0	2.5183915439683892e-08	400000
9.2e+08	0	0	2.0155042745719053e-08	400000
9.3e+08	0	0	2.3801771102256905e-08	400000
9.4e+08	0	0	3.5575972517046584e-08	400000
9.5e+08	0	0	3.825899869512571e-08	400000
9.6e+08	0	0	4.282571502860594e-08	400000
9.7e+08	0	0	3.6179926293742e-08	400000
9.8e+08	0	0	2.7139310631336757e-08	400000
9.9e+08	0	0	4.789987452354157e-08	400000
1e+09	0	0	2.9018198280015926e-08	400000
1.01e+09	0	0	3.6134512434468116e-08	400000
1.02e+09	0	0	1.5986843238486182e-08	400000
1.03e+09	0	0	2.772205289779632e-08	400000
1.04e+09	0	0	1.48286693800171e-08	400000
1.05e+09	0	0	1.5833176195054873e-08	400000
1.06e+09	0	0	5.686706670026378e-08	400000
1.07e+09	0	0	3.7311198643169586e-08	400000
1.08e+09	0	0	2.7010721456594903e-08	400000
1.09e+09	0	0	1.9496695605632863e-08	400000
1.1e+09	0	0	1.2057330719381928e-08	400000
1.11e+09	0	0	1.7722155037722594e-08	400000
1.12e+09	0	0	1.545155317530803e-08	400000
1.13e+09	0	0	3.150723341715613e-08	400000
1.14e+09	0	0	1.3865179489439663e-08	400000
1.15e+09	0	0	2.4541569505540683e-08	400000
1.16e+09	0	0	1.1950645135188126e-07	400000
1.17e+09	0	0	8.768105566891558e-08	400000
1.18e+09	0	0	1.0152748977474573e-08	400000
1.19e+09	0	0	1.438450265938433e-08	400000
1.2e+09	0	0	1.2776550235631056e-08	400000
1.21e+09	0	0	8.595431559997367e-08	400000
1.22e+09	0	0	1.7356708071802573e-08	400000
1.23e+09	0	0	9.884414875786285e-09	400000
1.24e+09	0	0	3.425325297711831e-08	400000
1.25e+09	0	0	3.3867108055075633e-08	400000
1.26e+09	0	0	1.808533500225452e-08	400000
1.27e+09	0	0	1.7063180626584374e-08	400000
1.28e+09	0	0	1.6798132183606238e-08	400000
1.29e+09	0	0	1.4869058570209435e-08	400000
1.3e+09	0	0	2.5866299180038478e-08	400000
1.31e+09	0	0	3.268539234737708e-08	400000
1.32e+09	0	0	2.0801286233943367e-08	400000
1.33e+09	0	0	1.1547735792234208e-07	400000
1.34e+09	0	0	2.2123958292265714e-08	400000
1.35e+09	0	0	2.1908409546386813e-08	400000
1.36e+09	0	0	1.0309103641770444e-08	400000
1.37e+09	0	0	4.2752142861357674e-08	400000
1.38e+09	0	0	1.4881667289414506e-08	400000
1.39e+09	0	0	1.722762342579006e-08	400000
1.4e+09	0	0	3.076260415151925e-08	400000
1.41e+09	0	0	4.410263396688091e-08	400000
1.42e+09	0	0	3.271520959263685e-08	400000
1.43e+09	0	0	1.814478839203439e-08	400000
1.44e+09	0	0	7.438116956267454e-08	400000
1.45e+09	0	0	2.460349038722122e-08	400000
1.46e+09	0	0	4.197829710748585e-08	400000
1.47e+09	0	0	2.2020913581860993e-08	400000
1.48e+09	0	0	2.7679860405846296e-08	400000
1.49e+09	0	0	1.6429028178639947e-08	400000
1.5e+09	0	0	3.4330932711583164e-08	400000
1.51e+09	0	0	1.750037584724802e-08	400000
1.52e+09	0	0	4.650169942200944e-08	400000
1.53e+09	0	0	1.4672651798564559e-08	400000
1.54e+09	0	0	9.982232805719402e-09	400000
1.55e+09	0	0	4.952622217577044e-09	400000
1.56e+09	0	0	5.4289169065462897e-08	400000
1.57e+09	0	0	7.992093131695375e-09	400000
1.58e+09	0	0	1.9791214306014628e-08	400000
1.59e+09	0	0	6.136077794246741e-08	400000
1.6e+09	0	0	5.121697702691515e-08	400000
1.61e+09	0	0	2.4907135915608473e-08	400000
1.62e+09	0	0	2.4481669475083767e-08	400000
1.63e+09	0	0	2.8355003232632668e-08	400000
1.64e+09	0	0	5.490899145182048e-08	400000
1.65e+09	0	0	2.3367392525743718e-08	400000
1.66e+09	0	0	2.9031031170983947e-08	400000
1.67e+09	0	0	3.7008704747623164e-08	400000
1.68e+09	0	0	2.9042455074495372e-08	400000
1.69e+09	0	0	2.8770091430820708e-08	400000
1.7e+09	0	0	2.2898032347800137e-08	400000
1.71e+09	0	0	8.359909858309384e-09	400000
1.72e+09	0	0	2.9524525087279587e-08	400000
1.73e+09	0	0	6.116981513187762e-08	400000
1.74e+09	0	0	1.4806792961388235e-08	400000
1.75e+09	0	0	2.8281054393130293e-08	400000
1.76e+09	0	0	5.7722353718983267e-08	400000
1.77e+09	0	0	1.945259580897935e-08	400000
1.78e+09	0	0	3.9204335755170877e-08	400000
1.79e+09	0	0	2.761578259806849e-08	400000
1.8e+09	0	0	3.036892843718708e-08	400000
1.81e+09	0	0	4.7805005386611336e-08	400000
1.82e+09	0	0	4.460470969176116e-09	400000
1.83e+09	0	0	3.9877139763818745e-08	400000
1.84e+09	0	0	3.060982596308655e-08	400000
1.85e+09	0	0	1.9619220821875717e-08	400000
1.86e+09	0	0	3.799568918590085e-08	400000
1.87e+09	0	0	5.5130845725601516e-08	400000
1.88e+09	0	0	4.042414955727343e-08	400000
1.89e+09	0	0	3.978463797712622e-08	400000
1.9e+09	0	0	3.937241635587214e-08	400000
1.91e+09	0	0	1.1129114768511066e-08	400000
1.92e+09	0	0	2.702685692503192e-08	400000
1.93e+09	0	0	2.6368721130741186e-08	400000
1.94e+09	0	0	4.636051839413187e-08	400000
1.95e+09	0	0	1.562648523751323e-08	400000
1.96e+09	0	0	3.311943613755904e-08	400000
1.97e+09	0	0	1.4796827106286066e-08	400000
1.98e+09	0	0	5.1960049854892575e-08	400000
1.99e+09	0	0	1.712285489433974e-08	400000
2e+09	0	0	3.580361076086281e-08	400000
2.01e+09	0	0	1.5914348400962697e-08	400000
2.02e+09	0	0	2.632052747188093e-08	400000
2.03e+09	0	0	1.0787230738967008e-08	400000
2.04e+09	0	0	2.314648835932344e-08	400000
2.05e+09	0	0	4.595503054597155e-08	400000
2.06e+09	0	0	1.3296263732684267e-08	400000
2.07e+09	0	0	1.445834492828487e-08	400000
2.08e+09	0	0	1.084209478831719e-08	400000
2.09e+09	0	0	6.098745699924345e-08	400000
2.1e+09	0	0	2.3262512550043312e-08	400000
2.11e+09	0	0	3.4773846845819475e-08	400000
2.12e+09	0	0	9.941608100000695e-09	400000
2.13e+09	0	0	1.5970699484409445e-08	400000
2.14e+09	0	0	3.92030173348769e-08	400000
2.15e+09	0	0	2.353475624219157e-08	400000
2.16e+09	0	0	1.6081081202928517e-08	400000
2.17e+09	0	0	2.3057044846345676e-08	400000
2.18e+09	0	0	7.464650935492304e-09	400000
2.19e+09	0	0	3.272737986052598e-08	400000
2.2e+09	0	0	1.7227029399321135e-08	400000
2.21e+09	0	0	2.897086380346099e-08	400000
2.22e+09	0	0	2.0918242007419956e-08	400000
2.23e+09	0	0	1.4581016341665294e-08	400000
2.24e+09	0	0	1.6874937323224123e-08	400000
2.25e+09	0	0	3.683466173984648e-08	400000
2.26e+09	0	0	3.923351890586234e-08	400000
2.27e+09	0	0	1.4708380301178723e-08	400000
2.28e+09	0	0	2.8658814647850575e-08	400000
2.29e+09	0	0	2.1448868178253584e-08	400000
2.3e+09	0	0	2.8596473648061863e-08	400000
2.31e+09	0	0	3.896630885862312e-08	400000
2.32e+09	0	0	1.5720770318050874e-08	400000
2.33e+09	0	0	3.2079064770313354e-08	400000
2.34e+09	0	0	2.5000888780759383e-08	400000
2.35e+09	0	0	1.22582127826025e-08	400000
2.36e+09	0	0	2.847213948226405e-08	400000
2.37e+09	0	0	1.858276943648337e-08	400000
2.38e+09	0	0	1.542237256650941e-08	400000
2.39e+09	0	0	1.052947489526082e-08	400000
2.4e+09	0	0	3.0830170301229844e-08	400000
2.41e+09	0	0	2.5702894864796222e-08	400000
2.42e+09	0	0	8.335440274637052e-08	400000
2.43e+09	0	0	1.3261612475577461e-08	400000
2.44e+09	0	0	2.513613741538646e-08	400000
2.45e+09	0	0	4.426091288344469e-08	400000
2.46e+09	0	0	1.875637019286755e-08	400000
2.47e+09	0	0	1.51919809923652e-08	400000
2.48e+09	0	0	5.73611007102355e-08	400000
2.49e+09	0	0	9.613626748603916e-09	400000
2.5e+09	0	0	1.2962380196777866e-08	400000
2.51e+09	0	0	1.7203077325185924e-08	400000
2.52e+09	0	0	1.331378832694048e-08	400000
2.53e+09	0	0	3.294234284383831e-08	400000
2.54e+09	0	0	2.8450757657972818e-08	400000
2.55e+09	0	0	1.2287972280130518e-08	400000
2.56e+09	0	0	1.91349489113779e-08	400000
2.57e+09	0	0	3.900954480853233e-08	400000
2.58e+09	0	0	5.2001370869482115e-08	400000
2.59e+09	0	0	2.7791989416311398e-08	400000
2.6e+09	0	0	2.379767629075368e-08	400000
2.61e+09	0	0	3.4471694934026924e-08	400000
2.62e+09	0	0	1.7556356355717216e-08	400000
2.63e+09	0	0	4.654746640714447e-08	400000
2.64e+09	0	0	1.8815183973564035e-08	400000
2.65e+09	0	0	2.2411356570298008e-08	400000
2.66e+09	0	0	1.987204944372202e-08	400000
2.67e+09	0	0	5.638238277137108e-08	400000
2.68e+09	0	0	1.9581013715434017e-08	400000
2.69e+09	0	0	5.748209042294354e-09	400000
2.7e+09	0	0	1.2586155086725942e-08	400000
2.71e+09	0	0	4.326748182274415e-08	400000
2.72e+09	0	0	6.949560161301484e-08	400000
2.73e+09	0	0	1.2651967654657146e-08	400000
2.74e+09	0	0	1.5751942643148622e-08	400000
2.75e+09	0	0	5.076932439236633e-08	400000
2.76e+09	0	0	1.947585636422227e-08	400000
2.77e+09	0	0	1.7519041745150444e-08	400000
2.78e+09	0	0	2.224312709114436e-08	400000
2.79e+09	0	0	3.570391528907555e-08	400000
2.8e+09	0	0	5.409057193783874e-08	400000
2.81e+09	0	0	2.1918305829473206e-08	400000
2.82e+09	0	0	4.320670565340149e-08	400000
2.83e+09	0	0	3.339481823743393e-08	400000
2.84e+09	0	0	1.557059897166187e-08	400000
2.85e+09	0	0	3.459141518650153e-08	400000
2.86e+09	0	0	3.6503702297476235e-08	400000
2.87e+09	0	0	4.22531124174992e-08	400000
2.88e+09	0	0	2.576368249389718e-08	400000
2.89e+09	0	0	1.3497872551876697e-08	400000
2.9e+09	0	0	5.2758631338126964e-08	400000
2.91e+09	0	0	1.2829342893725501e-08	400000
2.92e+09	0	0	1.5524213660611632e-08	400000
2.93e+09	0	0	3.709649706446993e-08	400000
2.94e+09	0	0	6.149121903730091e-08	400000
2.95e+09	0	0	2.3145621900937098e-08	400000
2.96e+09	0	0	4.3589958960857964e-08	400000
2.97e+09	0	0	1.1664747500761679e-08	400000
2.98e+09	0	0	4.192211463541587e-08	400000
2.99e+09	0	0	1.7390927073743204e-08	400000
3e+09	0	0	3.518244791826408e-08	400000
3.01e+09	0	0	1.2271713452389192e-08	400000
3.02e+09	0	0	3.7212502665345085e-08	400000
3.03e+09	0	0	1.2850077849906304e-08	400000
3.04e+09	0	0	1.9717271946216863e-08	400000
3.05e+09	0	0	5.678703814000657e-08	400000
3.06e+09	0	0	1.407340286742888e-08	400000
3.07e+09	0	0	1.5152130041686343e-08	400000
3.08e+09	0	0	8.95884972482315e-09	400000
3.09e+09	0	0	1.783918848053201e-08	400000
3.1e+09	0	0	1.6152062094772298e-08	400000
3.11e+09	0	0	8.522785200895634e-09	400000
3.12e+09	0	0	3.210109697136158e-08	400000
3.13e+09	0	0	5.616692809428109e-08	400000
3.14e+09	0	0	3.584857486972526e-08	400000
3.15e+09	0	0	2.1343370745602347e-08	400000
3.16e+09	0	0	2.6912519973454282e-08	400000
3.17e+09	0	0	1.9761285891336425e-08	400000
3.18e+09	0	0	6.623912162008556e-08	400000
3.19e+09	0	0	1.0294265614490081e-08	400000
3.2e+09	0	0	1.773033854974014e-08	400000
3.21e+09	0	0	4.7210672758771134e-08	400000
3.22e+09	0	0	4.5152752631449014e-08	400000
3.23e+09	0	0	4.840061075865778e-08	400000
3.24e+09	0	0	3.342481788685045e-08	400000
3.25e+09	0	0	1.6533715454643028e-08	400000
3.26e+09	0	0	3.697097769743202e-08	400000
3.27e+09	0	0	7.712361487486243e-08	400000
3.28e+09	0	0	1.908152639810327e-08	400000
3.29e+09	0	0	5.66195205701577e-09	400000
3.3e+09	0	0	1.9548135175948302e-08	400000
3.31e+09	0	0	2.948857946658424e-08	400000
3.32e+09	0	0	2.107266709565114e-08	400000
3.33e+09	0	0	1.6262889634254025e-08	400000
3.34e+09	0	0	2.239363050650929e-08	400000
3.35e+09	0	0	3.147563864821798e-08	400000
3.36e+09	0	0	1.6732959705581147e-08	400000
3.37e+09	0	0	3.8668770530836216e-08	400000
3.38e+09	0	0	3.8724647984609317e-08	400000
3.39e+09	0	0	2.7785183057292203e-08	400000
3.4e+09	0	0	1.7942445725727422e-08	400000
3.41e+09	0	0	1.4669686297396334e-08	400000
3.42e+09	0	0	1.561318645102596e-08	400000
3.43e+09	0	0	4.8229389686094205e-09	400000
3.44e+09	0	0	4.250919452322051e-08	400000
3.45e+09	0	0	2.0719951161852578e-08	400000
3.46e+09	0	0	3.480309450330901e-08	400000
3.47e+09	0	0	2.4091719842119377e-08	400000
3.48e+09	0	0	3.950296642403307e-08	400000
3.49e+09	0	0	1.7550707119765637e-08	400000
3.5e+09	0	0	1.5728374157235295e-08	400000
3.51e+09	0	0	1.1431301666608355e-08	400000
3.52e+09	0	0	2.2552769265350176e-08	400000
3.53e+09	0	0	5.185156168885106e-08	400000
3.54e+09	0	0	4.3208184895406825e-08	400000
3.55e+09	0	0	3.2840859514471256e-08	400000
3.56e+09	0	0	6.221490923311984e-08	400000
3.57e+09	0	0	1.476668741425159e-08	400000
3.58e+09	0	0	2.7249201636587432e-08	400000
3.59e+09	0	0	9.894309618256541e-09	400000
3.6e+09	0	0	1.595693017228629e-08	400000
3.61e+09	0	0	4.571466902884393e-08	400000
3.62e+09	0	0	1.689236739410237e-08	400000
3.63e+09	0	0	6.007170713926476e-08	400000
3.64e+09	0	0	9.32788684189009e-09	400000
3.65e+09	0	0	1.88475745849848e-08	400000
3.66e+09	0	0	4.1554933021767495e-08	400000
3.67e+09	0	0	1.8987361097352388e-08	400000
3.68e+09	0	0	4.6518411644265074e-08	400000
3.69e+09	0	0	2.316479041779797e-08	400000
3.7e+09	0	0	9.368635017531035e-09	400000
3.71e+09	0	0	3.7494833706787686e-08	400000
3.72e+09	0	0	2.951010352189549e-08	400000
3.73e+09	0	0	8.657450352900486e-08	400000
3.74e+09	0	0	2.6378885360677935e-08	400000
3.75e+09	0	0	2.1471933189080002e-08	400000
3.76e+09	0	0	2.51346289404285e-08	400000
3.77e+09	0	0	1.4394132437897123e-08	400000
3.78e+09	0	0	2.644320445087599e-08	400000
3.79e+09	0	0	2.553378462754783e-08	400000
3.8e+09	0	0	1.8361128535902667e-08	400000
3.81e+09	0	0	1.1094633264767456e-08	400000
3.82e+09	0	0	2.3471006279412953e-08	400000
3.83e+09	0	0	2.1645283838893745e-08	400000
3.84e+09	0	0	4.120599526383056e-08	400000
3.85e+09	0	0	9.486638656561937e-09	400000
3.86e+09	0	0	3.3815580162962106e-08	400000
3.87e+09	0	0	8.375965530955078e-09	400000
3.88e+09	0	0	3.3470799518348616e-08	400000
3.89e+09	0	0	5.174679231619332e-08	400000
3.9e+09	0	0	4.822190748774836e-08	400000
3.91e+09	0	0	7.579496924555148e-09	400000
3.92e+09	0	0	1.2536806295692865e-08	400000
3.93e+09	0	0	4.527874118012109e-08	400000
3.94e+09	0	0	2.4239019155439604e-08	400000
3.95e+09	0	0	3.5560608989656696e-08	400000
3.96e+09	0	0	3.522896391743372e-08	400000
3.97e+09	0	0	2.3762557146789797e-08	400000
3.98e+09	0	0	1.5557732045921507e-08	400000
3.99e+09	0	0	2.6150648400723403e-08	400000
4e+09	0	0	1.3410570956046167e-08	400000
4.01e+09	0	0	4.0056290628016735e-08	400000
4.02e+09	0	0	4.530890248709991e-08	400000
4.03e+09	0	0	5.8675230214840254e-08	400000
4.04e+09	0	0	7.980021421671242e-08	400000
4.05e+09	0	0	3.631931809676973e-08	400000
4.06e+09	0	0	5.312935412176998e-08	400000
4.07e+09	0	0	6.068678467105336e-08	400000
4.08e+09	0	0	2.2626599078726418e-08	400000
4.09e+09	0	0	5.6705544026591685e-08	400000
4.1e+09	0	0	2.9592130385762673e-08	400000
4.11e+09	0	0	7.649184206820516e-09	400000
4.12e+09	0	0	1.9318271834666096e-08	400000
4.13e+09	0	0	2.69748590245634e-08	400000
4.14e+09	0	0	2.705254598735919e-08	400000
4.15e+09	0	0	1.5163863991114504e-08	400000
4.16e+09	0	0	3.38600647143087e-08	400000
4.17e+09	0	0	1.0200625432486236e-08	400000
4.18e+09	0	0	1.1294622260530844e-08	400000
4.19e+09	0	0	1.4037503145477419e-08	400000
4.2e+09	0	0	3.66558742565335e-08	400000
4.21e+09	0	0	1.1723195847748711e-08	400000
4.22e+09	0	0	7.202181098051002e-08	400000
4.23e+09	0	0	4.3648459592320034e-08	400000
4.24e+09	0	0	2.088493681898585e-08	400000
4.25e+09	0	0	1.2513406233661398e-08	400000
4.26e+09	0	0	5.313124696147501e-08	400000
4.27e+09	0	0	1.5320197533080246e-08	400000
4.28e+09	0	0	8.497649979412453e-09	400000
4.29e+09	0	0	1.3441254678357413e-08	400000
4.3e+09	0	0	8.157312288691586e-08	400000
4.31e+09	0	0	2.9404999596834175e-08	400000
4.32e+09	0	0	6.109968924476505e-08	400000
4.33e+09	0	0	9.576742664197142e-08	400000
4.34e+09	0	0	2.9652518394730287e-08	400000
4.35e+09	0	0	3.715763102511481e-08	400000
4.36e+09	0	0	1.3656197527717683e-08	400000
4.37e+09	0	0	1.074613313934149e-08	400000
4.38e+09	0	0	2.2230454503859812e-08	400000
4.39e+09	0	0	3.439920921097532e-08	400000
4.4e+09	0	0	2.3061879453567455e-08	400000
4.41e+09	0	0	7.634928097379067e-09	400000
4.42e+09	0	0	4.208012899334523e-08	400000
4.43e+09	0	0	9.834969905589983e-09	400000
4.44e+09	0	0	3.8625285947688346e-08	400000
4.45e+09	0	0	3.141564218765973e-08	400000
4.46e+09	0	0	3.390111288529635e-08	400000
4.47e+09	0	0	1.7081508730294935e-08	400000
4.48e+09	0	0	2.034443147060554e-08	400000
4.49e+09	0	0	1.899740146533165e-08	400000
4.5e+09	0	0	1.548867154817378e-08	400000
4.51e+09	0	0	3.3476142838918246e-08	400000
4.52e+09	0	0	2.0464068732218984e-08	400000
4.53e+09	0	0	2.6252138146585275e-08	400000
4.54e+09	0	0	2.7202579146045027e-08	400000
4.55e+09	0	0	5.869831155149417e-08	400000
4.56e+09	0	0	1.4557148394802408e-08	400000
4.57e+09	0	0	2.191455992291493e-08	400000
4.58e+09	0	0	1.7063844351152655e-08	400000
4.59e+09	0	0	4.8588152520793046e-08	400000
4.6e+09	0	0	5.431138900607058e-08	400000
4.61e+09	0	0	2.921314577860905e-08	400000
4.62e+09	0	0	5.147198983799168e-08	400000
4.63e+09	0	0	3.432232805246288e-08	400000
4.64e+09	0	0	1.1264508878865778e-08	400000
4.65e+09	0	0	5.908278684542088e-08	400000
4.66e+09	0	0	3.182116820182752e-08	400000
4.67e+09	0	0	3.209136990412009e-08	400000
4.68e+09	0	0	9.484456435420947e-09	400000
4.69e+09	0	0	3.9129614319024534e-08	400000
4.7e+09	0	0	3.3979921736514545e-08	400000
4.71e+09	0	0	1.54481149467316e-08	400000
4.72e+09	0	0	4.105235188312939e-08	400000
4.73e+09	0	0	1.6329236188012964e-08	400000
4.74e+09	0	0	3.9356639558249e-08	400000
4.75e+09	0	0	1.0174609616474736e-08	400000
4.76e+09	0	0	1.796060504850377e-08	400000
4.77e+09	0	0	1.900452365379547e-08	400000
4.78e+09	0	0	5.0356450884930044e-08	400000
4.79e+09	0	0	2.6196094273776836e-08	400000
4.8e+09	0	0	1.2845759919689447e-08	400000
4.81e+09	0	0	7.318483878412662e-09	400000
4.82e+09	0	0	1.2308825261881076e-08	400000
4.83e+09	0	0	2.7753948847794597e-08	400000
4.84e+09	0	0	2.813835518879232e-08	400000
4.85e+09	0	0	3.380950350154308e-08	400000
4.86e+09	0	0	6.332005372143836e-08	400000
4.87e+09	0	0	1.675447675692779e-08	400000
4.88e+09	0	0	7.358115997402509e-08	400000
4.89e+09	0	0	1.318145334943742e-08	400000
4.9e+09	0	0	2.6241032498578707e-08	400000
4.91e+09	0	0	3.353001631436493e-08	400000
4.92e+09	0	0	9.867897392444785e-09	400000
4.93e+09	0	0	3.4020656417612985e-08	400000
4.94e+09	0	0	7.441873079826786e-08	400000
4.95e+09	0	0	1.3143019286239869e-08	400000
4.96e+09	0	0	2.461020599542547e-08	400000
4.97e+09	0	0	4.94250512972999e-08	400000
4.98e+09	0	0	2.180557947681859e-08	400000
4.99e+09	0	0	3.112970791964867e-08	400000
